,Flight Weekday,Flight Day,Flight Month,Different Marketer & Operator Carrier Code,Distance Interval (x500 mi),Scheduled Flight Time,Average Payload (lbs),Available Seats (avg),Aircraft Group,Aircraft Type,Aircraft Configuration,Departure Airport - Precipitation (mm),Departure Airport - Snow Fall (mm),Departure Airport - Fog,Departure Airport - Heavy Fog,Departure Airport - Thunder,Departure Airport - Ice Pellets,Departure Airport - Hail,Departure Airport - Glaze or Rime,Departure Airport - Dust/Sand,Departure Airport - Snow / Haze,Departure Airport - Blowing/Dirfting Snow,Departure Airport - Tornado / Funnel Cloud,Departure Airport - High / Damaging Winds,Departure Airport - Elevation (ft),Departure Busyness Score,Arrival Airport - Precipitation (mm),Arrival Airport - Snow Fall (mm),Arrival Airport - Fog,Arrival Airport - Heavy Fog,Arrival Airport - Thunder,Arrival Airport - Ice Pellets,Arrival Airport - Hail,Arrival Airport - Glaze or Rime,Arrival Airport - Dust/Sand,Arrival Airport - Snow / Haze,Arrival Airport - Blowing/Dirfting Snow,Arrival Airport - Tornado / Funnel Cloud,Arrival Airport - High / Damaging Winds,Arrival Airport - Elevation (ft),Arrivals Busyness Score,Arrival Delay (minutes),Departure Delay (minutes),Carrier Delay (minutes),Weather Delay (minutes),National Air System Delay (minutes),Security Delay (minutes),Late Aircraft Delay (minutes),Proportion of freight to the payload,Proportion of mail to the payload,Proportion of filled seats,Departure Airport - Avg Temp over 30C,Arrival Airport - Avg Temp over 30C,Operator - Unique Carrier Code_9E,Operator - Unique Carrier Code_9K,Operator - Unique Carrier Code_AA,Operator - Unique Carrier Code_AS,Operator - Unique Carrier Code_AX,Operator - Unique Carrier Code_B6,Operator - Unique Carrier Code_C5,Operator - Unique Carrier Code_CP,Operator - Unique Carrier Code_DL,Operator - Unique Carrier Code_EM,Operator - Unique Carrier Code_EV,Operator - Unique Carrier Code_F9,Operator - Unique Carrier Code_G4,Operator - Unique Carrier Code_G7,Operator - Unique Carrier Code_HA,Operator - Unique Carrier Code_KS,Operator - Unique Carrier Code_MQ,Operator - Unique Carrier Code_NK,Operator - Unique Carrier Code_OH,Operator - Unique Carrier Code_OO,Operator - Unique Carrier Code_PT,Operator - Unique Carrier Code_QX,Operator - Unique Carrier Code_UA,Operator - Unique Carrier Code_VX,Operator - Unique Carrier Code_WN,Operator - Unique Carrier Code_YV,Operator - Unique Carrier Code_YX,Operator - Unique Carrier Code_ZW,serviceclass_F,serviceclass_G,serviceclass_L,Hour of departure_0,Hour of departure_1,Hour of departure_2,Hour of departure_3,Hour of departure_4,Hour of departure_5,Hour of departure_6,Hour of departure_7,Hour of departure_8,Hour of departure_9,Hour of departure_10,Hour of departure_11,Hour of departure_12,Hour of departure_13,Hour of departure_14,Hour of departure_15,Hour of departure_16,Hour of departure_17,Hour of departure_18,Hour of departure_19,Hour of departure_20,Hour of departure_21,Hour of departure_22,Hour of departure_23,Hour of arrival_0,Hour of arrival_1,Hour of arrival_2,Hour of arrival_3,Hour of arrival_4,Hour of arrival_5,Hour of arrival_6,Hour of arrival_7,Hour of arrival_8,Hour of arrival_9,Hour of arrival_10,Hour of arrival_11,Hour of arrival_12,Hour of arrival_13,Hour of arrival_14,Hour of arrival_15,Hour of arrival_16,Hour of arrival_17,Hour of arrival_18,Hour of arrival_19,Hour of arrival_20,Hour of arrival_21,Hour of arrival_22,Hour of arrival_23,type_arr_large_airport,type_arr_medium_airport,type_arr_small_airport,type_dep_large_airport,type_dep_medium_airport,type_dep_small_airport
Flight Weekday,1.0,0.002893821931249772,0.017464421168017913,-0.005898477137365457,0.009998514256911633,0.00949958834313229,0.01084262836996113,0.008697347480320115,-0.002724733388657401,0.0004358918291757168,-0.0030903877524496733,0.011893013310706708,-0.009394096564802145,-0.0013379600855230162,0.000641330942734975,-0.002107033726432104,-0.008745736589740778,-0.018327681832940274,-0.021096776975991518,-0.007855260116422612,-0.030573894571228978,-0.008437695490680854,-0.003066095972688032,0.002548426023105555,-0.0024393440488010196,-0.18474212932748088,0.014201284110600454,-0.005867255209522401,-0.0023555613721932493,0.0010728219210987958,-0.00011210345865866937,-0.0061048271915559085,-0.015231547841134539,-0.011523996157817686,-0.003413591193417364,-0.030766335037209328,-0.0021346756485733213,0.0013917568446015951,0.004943561107007525,0.0030160468720313964,-0.17482236241124582,-0.0012074557455241323,-0.007852852779812444,0.0020279793637185814,-0.0007014784083984699,-0.006508948416316214,0.0027726952781385057,-0.005745196313254982,-0.004509040945139025,-0.00027906115788159093,0.01541714024994346,-0.0017171498659349872,-0.0015220117240443425,-0.008834517366238514,0.0008687794281839949,0.00802225635044141,0.006506053395653069,0.0019105347222272574,-0.0024217585652551218,0.0013671349836122445,-0.006815985648332978,-0.007161005594401785,-0.0010420281529093353,0.0037765852969641614,0.004564189174418535,0.00957322373100778,-0.002116683190726849,0.006324885347417869,-0.00010989382655463082,-4.674060893306161e-05,0.006274589870198518,-0.0024274835636152355,-0.002803586191943691,-0.0003926937133311199,0.0002656749499684053,-0.00018387334265814964,0.0011848919019498082,-0.0034583405403359026,0.0011960124073503119,-0.002560409800953747,0.00422576274259167,-0.0014900126108679278,-0.0012069736275603842,-0.0028282790071947586,-0.0012090861482967877,0.007680568814723488,-0.0012276239248736932,0.0014895791466251252,-0.002588321124646307,0.0007663397925165688,0.0008062230920187534,-0.0016434592611564518,-0.009145923559697873,0.0011135296859859651,-0.006247498673167384,-0.0007506630170080737,-0.0024867176568499827,0.0031832617710145605,0.0019346541006051926,0.0028395387849778617,-0.002737549595761368,7.476172109759819e-05,0.0025840373584780697,-0.0009863180386465065,0.004232437702794204,0.0009328400182076309,-0.002026735016380721,0.0017705190005457823,0.0027544588999448122,0.001506476129255798,-0.00015991023466498328,-0.003961642619452687,0.004035891709987878,0.003286659555243584,0.0034516945584250626,0.000529478036533902,0.006897102657928681,-0.00025301222467536885,-0.0026834962153629172,-0.006335600854276143,-0.00802839268718137,-0.003135407446677742,-0.0027643557348577554,0.0010484986077228147,0.005640643585950059,-0.0018718212258851349,0.0010940574996954416,-0.0016320294523115059,-0.00404864519904738,-0.0006617115707515545,0.0025721197467392957,0.007044156744494031,-0.002232613521277849,0.0017022970126460218,0.004272690132002393,-0.006705994935449562,0.006472727680511755,0.002128397588577076
Flight Day,0.002893821931249772,1.0,0.0024901402916260346,0.0017177573416625748,0.0054689315359610635,0.0056712744122278435,0.0002047819374308445,-0.0015927037936697137,-0.0015243231788090136,-0.0008356464634967932,-0.002074965618259018,0.007105091828583516,-0.00601341468708826,-0.010172862024046062,0.004043164409698884,-0.016056037422142528,-0.01918428042045015,0.005507881329764387,-0.009046406918737947,-0.003589998970609515,-0.014518254998606527,0.0039264342451724955,-0.0007300073970090699,-0.0003621849701551675,-0.0013924634716449642,0.0005024247368124513,0.006876472576306604,-0.004845049536120393,-0.013664196953694373,0.0031349850490327235,-0.01591923222140714,-0.01737355017473552,0.002749441381554917,-0.011464026320338213,0.0030928814011991638,-0.013994761680657136,0.007856981300609635,-0.000394135388274254,-0.0055494951661419585,-0.001372508205008652,0.006237252199158256,0.0003734869529025707,-0.0022128515224876123,-0.003883052191681489,0.0023297697813571038,-0.002762707003057819,0.0006938086248402589,0.003256455514628427,-0.00284718544830237,-0.0007244438230350409,0.0024101040262435097,-0.0005448868503994617,0.002693517803994774,0.004708359242610541,0.0006243877767611755,0.0015433433133672692,0.001718622632745447,0.0008065083369537917,-0.00021222135123702472,-0.0005428609957717528,0.0009136296279846854,-0.0035662958778872743,-0.00046834291883653654,-0.000188606552650816,0.0022730839552969,-0.0020502334321337383,-0.0006193039275392424,0.0017034018489708713,-0.003960516790241293,-0.0009295011508796483,0.00016105377947183008,-0.0016864139008789536,-0.0002680473850173496,0.0031540530491003093,-0.0008589268430582834,-1.8222262005250298e-06,-0.002023496333771862,-0.0015710311193563272,-0.004619701537489187,0.004106482828150436,0.0022805185159904835,-0.00023588624258825356,0.00034485922830912013,-0.004501018466307207,0.0029970276308584546,0.0002502390411106268,0.000690000519088155,-0.0008026215642281948,0.0013192474608388477,-0.001978206940188547,-0.0007497140125056048,-0.0005092300569539957,-0.00028701286936554587,-0.0011498938386755243,0.0031818616739645133,0.00032177638238380514,0.0008525540162242271,-0.0071484538443657136,0.00022450134034663016,0.0031781592068323744,0.00047823182509421764,-0.0002658709716932332,0.006374991559858443,-0.0024837687850621437,-0.003985637195744385,-0.002613161765187963,-0.0029457119443349546,0.004354435703063598,0.003356450313743442,-0.0034328538845008016,-0.0007515114347346603,0.0024859637024704025,-0.00011680392175840832,-0.000395638129579664,0.0006815134951883596,0.00030559716181869506,0.0005395321221806992,-0.003804595084889664,0.004178404636280485,0.000734157064788861,0.0007530007325188482,0.0005488071664466306,-0.0021069142706515794,-0.0006632515620907494,0.0034395004256603757,-0.0024621390609691385,-0.0007060871414282311,0.0021817923062213813,0.001856859826854554,-0.0004232369427218241,-0.003249373990807445,-0.001175106176116207,0.0033694936345472232,-0.003329435366180857,-0.0004468841387081544,-0.0010518987863617623,0.0007786691116092152,0.002234920988768189
Flight Month,0.017464421168017913,0.0024901402916260346,1.0,0.006033904738549432,0.005820851013702659,-0.009171505484601147,0.01658662427684503,0.006482092846953565,0.02344491846858943,0.0171431360656153,0.02189136033940698,0.01951261471815674,-0.061894482219011185,0.02903120928240783,-0.007234353709852872,0.023095225351400416,-0.03960923256080498,-0.010918409132899855,-0.040024003143305203,0.0018130064376791128,0.0407581854441392,-0.03486415364390071,0.0048505712223394825,-0.015327504685075117,0.0010370221185918601,0.09669264623059029,0.016514894042553258,-0.06284088807466605,0.025372028487533116,-0.0031517244010003625,0.020930216371034982,-0.03655636493122156,-0.015215651856293384,-0.04049983084963242,0.0046393476730687295,0.039746146327052985,-0.04535602249581406,0.0071988401103161,-0.01238405022228474,0.003130059810919414,0.09197047319253653,-0.005860481129909961,-0.0015453752516348977,-0.002309164217564246,-0.006023799087891409,-0.006768089817309125,4.5490041761608054e-05,-0.004224691523560655,-0.015493265561638946,-0.011662241244490295,0.05442702428767387,0.03139085479934633,0.03024300203899134,0.0014041164897603128,-0.013274907853697457,-0.0031896855138274683,0.0029346450377891876,-0.004059206515898148,-0.005812074506379778,0.015219936105495874,-0.0020489882337606374,-0.0029846852304311303,0.00431210218993017,-0.014488479843523786,0.004566613001359737,-0.0026136370400974504,-0.004343201911925799,0.0014536850971281806,-0.009229677781642092,0.0018044988070881577,0.0011056357084489926,-0.0010588214781510265,0.007480373761058017,0.005482123255698605,-0.0025970535436302612,0.005271390748168409,-0.044703300482005145,-0.0022975684130438516,0.004928186989117456,0.005758468066350357,0.00024603551074094235,-0.005290940306696414,-0.005206315148737041,0.06824049326691817,0.0042017970105498546,0.0001427058632478491,-0.0029611777044215738,-0.00498136007800837,-0.0020172405275391435,-0.002678150289856497,-0.003902140960590232,0.0008513528651951593,0.0018949883392472685,-0.0029429403037652398,0.003831524656107991,-0.003849599664199023,0.0018315119351375103,-0.0020736743896448977,-0.0011573348814436467,0.0031800262281716707,0.007610340901916394,0.0015489566410370036,-0.002044263116079581,0.0021532345032841483,0.001968233485604375,0.0023524077870053723,-0.0024003654434050013,0.0009990553645260341,0.0006572974866535076,0.0014269557462958517,0.0011312660602217873,0.0007170375389802044,0.001472586473232541,-0.0029945735986395858,-0.0012195358507370029,-0.0046940345877670665,0.0015970092395442654,-0.0034951321782500156,-0.0002580567838853588,-0.0013061808979017086,-0.003297117484224487,-0.0006279229297447291,-0.0007750439702113891,-0.0011343245099432295,-0.0008002260592407456,0.0027494220178346756,0.002313959937789307,0.0037292162546567584,0.0009018433320157643,0.0048220495536242846,0.003358641568557608,-0.0031424661314486996,-0.005487906075119963,0.005802222771267233,-0.002268247632544614,-0.0012313172637336786,0.0020854149777156674,-0.006814743466694827
Different Marketer & Operator Carrier Code,-0.005898477137365457,0.0017177573416625748,0.006033904738549432,1.0,-0.3962294893184438,-0.35169880398208914,-0.7514084809702485,-0.8966061224127785,-0.17848588638118593,-0.21619872787063785,-0.15476093133631694,0.004521794376109818,0.017084604946593866,0.03471363127050907,0.007996483475887358,-0.0011593652113132968,0.004984794817899821,0.001189498309875303,0.011001776163457676,-0.007061759970610263,-0.002728988441721702,0.012323823292035695,-0.00208477858178934,-0.007174968582827353,0.06246142750824388,0.014479388929490977,0.004698160448288574,0.01888127571948341,0.02958514434637629,0.006782202479022433,-0.004285761558717895,0.010283834638495004,0.007831118923976504,0.009173192846545233,-0.006510460250332618,-0.003393884904144954,0.014237651335308441,-0.0020727820007595214,-0.0038971627359708832,0.05890813386656939,0.01622890826208879,-0.05801940894467571,-0.005212783920804029,-0.01226371698742919,0.006591260674129266,0.014756602434115744,-0.0017259146286060063,0.01936029255505354,-0.2024817595161902,-0.23297886287778946,-0.14679393648557687,-0.05323682836013876,-0.05443124069709662,0.23357748729320224,0.016139557012106086,-0.28102478941948833,-0.1392270493392408,0.12438684944522567,-0.1481396249460755,0.10074605951392919,0.14343103306592106,-0.28977103936954834,0.044541731954467284,0.18574171986992463,-0.09530417371309745,-0.08714767678268052,0.132084004713818,-0.08148753081780334,0.012133465996871198,0.2596445898145288,-0.12051455722158916,0.2449321492986938,0.4344342582178419,0.15207971662508085,0.16274367943480875,-0.2263173560529857,-0.02540734595064297,-0.35280353505990214,0.21602874995031135,0.2683612393808166,0.14623556155397396,-0.11824338473040827,-0.015990075019568867,-0.05516597223424407,0.0031460828719699066,0.02170440874164522,0.0001667045657433988,-0.004561214400341166,0.009137351957128914,0.015018250332779804,0.009979646051876158,-0.015158379155681212,-0.006151777620320955,0.011666804068321653,-0.011524140252440277,-0.03900317737614092,-0.015039806883401726,-0.03157266966315875,-0.0036985826561327082,-0.0018679423024281026,0.015691006931858795,-0.00041924484005078966,0.006828770448962152,0.011117491550569404,0.023802452607992224,0.011261297544544807,-0.0013574514703125077,0.009668226396445679,-0.02779861041787688,0.0012520740536695646,-0.0033743698769523934,0.007054219631575593,0.03404624804051493,0.0023801714805488485,-0.009184858408162896,0.003907545039613201,-0.015040107645994354,-0.02193091226119101,-0.007141473929478825,0.00047013724653867644,0.010431240560347398,-0.02004975906136916,-0.014256248064670587,-0.01317798268886023,-0.011430007527371394,0.009152002839824034,0.016095372751153057,0.010222133911650876,0.01204334515918428,0.009105965127206227,0.015081358018891553,0.01946921595103084,-0.23186108901196073,0.22627592063234042,0.053079405796831645,-0.2334620148954376,0.22782087130553016,0.05417616840002388
Distance Interval (x500 mi),0.009998514256911633,0.0054689315359610635,0.005820851013702659,-0.3962294893184438,1.0,0.9121152619006325,0.462864992655606,0.5037565869677268,0.29850601426556755,0.37068571569849373,0.2840527540482903,-0.008427591735058268,-0.008801114373754932,-0.021125813219406542,-0.0003380117758177849,-0.013406608190078023,-0.003419326084981021,0.0020641784898166532,-0.009121558513856739,0.0030307485040668367,0.009511969040453813,-0.006431398271970217,0.00054403087900477,0.005582888980009507,-0.04685115572083245,-0.005867816363939111,-0.009429381951799808,-0.006358153218279248,-0.01776899036208059,-0.00015676304223076956,-0.015019292550774778,-0.0028585139658127714,-0.0008330141989265316,0.0023049336289105095,0.002086754175165008,0.010851219696374776,-0.004828230956239879,0.004330016146052129,0.0010372854092727895,-0.047808142461165534,-0.0072677896200123784,0.035517116127549334,-0.02458747469597194,0.016576328983040414,-0.004544236659344116,0.025005802413031523,0.003579613417446087,-0.02520459946412296,0.2593652972055633,0.3042612140806875,0.24906069530797229,0.028299524117628767,0.026175685501215934,-0.09115509556177565,-0.019790353244642126,0.15373687809867478,0.16224486528122434,-0.06281855345133933,0.11106962619564692,-0.049347504660394774,-0.04886796634293199,0.09350658950744528,-0.030312383258812928,-0.10290311452545997,0.04322596010943223,0.018890916895855096,-0.06474077707090085,0.005820940815980476,7.207380030444146e-05,-0.10810508152843033,0.06269368305924562,-0.11010223738033388,-0.15803336325796177,-0.08506998718903984,-0.07861570056494145,0.20841434742359904,-0.05287081185769488,-0.028197765344126414,-0.059006666460429194,-0.06813103043574839,-0.06980364418810592,0.265403535851856,-0.007040271391580256,-0.0018795858920801472,0.0065731249322673905,-0.012195059126178066,-0.00023149955248225987,-0.00444588650049422,-0.008278974632040633,-0.010653530752746726,-0.005743077746288445,-0.008503852323621927,-0.020498219132579275,-0.030803339696268646,-0.008823305493227638,0.03635887791488055,0.012390861881451495,0.03280526622487395,0.03334865516765727,0.0255462038407196,-0.003502290607077569,-0.008235481779548139,0.0032489760764108895,-0.002693705168826447,-0.013340079747573017,-0.005150309270541534,-0.0067732945830697115,-0.009206659459951515,0.032093979252789374,0.0019650612894396738,0.00027616093138179733,0.000652959608276507,-0.01756746013708578,0.003123643284648087,-0.008420213129957065,0.0031500860869298998,0.04541390746475499,0.0408434961584605,0.0405751338510778,0.009298411103106852,-0.03764985564345235,-0.003996794148598298,-0.0028920932095593166,-0.020195224921811295,-0.004573644851823534,-0.004303593606848227,-0.014124118999966939,-0.01752296298467766,-0.016132642764657854,-0.005885857976373968,-0.013899819993091143,-0.0013864057608159227,0.17999310371688965,-0.17682559707704346,-0.03198375369392505,0.1835141060376035,-0.18063646542628792,-0.030080317975689247
Scheduled Flight Time,0.00949958834313229,0.0056712744122278435,-0.009171505484601147,-0.35169880398208914,0.9121152619006325,1.0,0.4363967338686052,0.4714837445536994,0.048664142602986224,0.16111067377722468,0.026053253742208234,-0.004148496372511971,-0.0009206665533456754,-0.0025728176535338696,0.004338467148915765,-0.016505391461071564,0.008661385050721658,0.0004595133771999321,-0.0005768737435450582,-0.0007394145067620072,0.006373833066810467,-0.0030654842697767654,-0.0012679247604558198,0.011587866827795744,-0.08199837637882144,-0.015015371046298664,-0.014629250836661027,-0.0037136035050171455,-0.014638943400616462,0.0027081237965289953,-0.02548659026184416,-0.0033105199032443964,-0.0010247067842509689,0.0038744950199876725,0.0015049322820677134,0.021264350955581223,-0.004470000545235791,0.004060316389520786,-0.00040161392556171347,-0.05324930170818982,-0.015714393827870998,0.035992676437356944,-0.0395089030408404,0.015252997045293145,-0.004584001797096351,0.035210270795901485,0.0031771998416918867,-0.02698996808449025,0.24907712300950713,0.3040470323947221,0.24969909205752325,0.009465453335671791,0.016550549396034585,-0.07364234506093877,-0.01571329980930009,0.1551772169983259,0.16820695546049472,-0.04660284952366656,0.11386551630509191,-0.04248426684599174,-0.03366001278138904,0.07563447021664081,-0.049556977372111614,-0.06549522300579573,0.056841617275902145,0.002119641688786313,-0.04083319488284346,-0.03973799319408206,7.590450878373695e-05,-0.10684968151650598,0.06270861178597348,-0.11085446345256637,-0.14563323916875134,-0.08846584713063539,-0.0840197129283425,0.20662898148769485,0.045427798156173406,-0.06880005995295453,-0.06261949931048838,-0.03950936144033821,-0.07081756928960883,0.03074809579344451,-0.018571513329532597,-0.006464064488308562,0.002026450685008527,-0.00838071137467255,0.0011572685359880902,-0.004842220715305626,-0.001965105530486314,-0.0029151766042261524,0.00218838139555012,-0.0032608870027989807,-0.01986754629365184,-0.0343970046029943,-0.0073553705956526105,0.03643356693924969,0.010212085959744512,0.03162817568473044,0.030095635182829338,0.024864038820384356,0.0004770306592164718,-0.012657394461511203,0.0020135407509501275,-0.001046282764638426,-0.016394548424312726,-0.00887489057453268,-0.01180046875131883,-0.015198890657945054,0.02586375267296495,-0.007435405262109383,-0.0031279608517344017,-0.0004001353230064724,-0.01639184167517658,0.0010345721640936,-0.004878186556639605,0.005899786643174723,0.04586238095701552,0.043028287532926916,0.0286603137172728,0.01120630058164638,-0.035415841938274836,-0.0035887902088749036,-0.007362124797351865,-0.017561010027841384,0.0019682510092123556,0.007819373642150396,-0.012628983974284278,-0.015276115775848063,-0.015488035561334285,-0.006220108978734725,-0.014555582638324571,-0.002301598028069076,0.2140246670324335,-0.2107743564457491,-0.033957235203774576,0.1983118537314658,-0.1954214237887175,-0.03074449221040173
Average Payload (lbs),0.01084262836996113,0.0002047819374308445,0.01658662427684503,-0.7514084809702485,0.462864992655606,0.4363967338686052,1.0,0.8616883438505138,0.13933438353682875,0.21087289289325367,0.1224006790609079,-0.0037616913203966738,-0.017545899602408634,-0.02531916655236452,-0.007564587588779054,0.0035525645159917626,-0.007930194668906938,-0.0005899073945352751,-0.011851963156210248,0.0060822177517844194,0.008900436769656999,-0.008894039940555709,0.0015318633994420036,0.002364629669297229,-0.05497940043473638,-1.4443884006572486e-05,-0.004367506783756988,-0.020256743141140746,-0.021471713317349775,-0.006163905191690748,0.003276890617799412,-0.010602346134552772,-0.005686083380755646,-0.01043078866760979,0.004914310754960221,0.008013511479880435,-0.014128598621211281,0.0028334194336352135,-0.0017918623258985382,-0.053783103293163895,-0.0033489008209673576,0.04344759049811033,0.001277388250834909,0.016332279796796394,-0.0033671211085294773,-0.008705184274803934,0.0018785349122107987,-0.020667524133686794,0.3320364928388569,0.24817951446113992,0.1319565203249193,0.04324702847055053,0.04159415884545416,-0.1415904975891786,-0.016548358999280637,0.2564387196075522,0.11220012395928199,-0.12398003896187222,0.03885857181607901,-0.09575046923755058,-0.07889984458643791,0.26484434390948774,-0.04574601610626436,-0.18856759731407466,0.16673115852408424,0.23000371883339513,-0.08304327892903442,0.09835288399154457,-0.014253872197586096,-0.23136751200383734,0.06490440294381834,-0.171756610792737,-0.35757871716651146,-0.15521722346186526,-0.10506895171214008,0.17732546956278525,0.01507008573438513,0.13357458292578675,-0.12688424200983137,-0.13461910646242203,-0.12038575703365428,0.07561920164719355,0.006342690834994277,0.09289681799085109,0.004539555268677688,-0.013900402780818248,0.0022036415709591295,0.0052842811149027965,-0.008887080639755272,-0.010519362429808866,-0.011605416382262188,0.0028358138759804288,-0.007297346728768379,-0.014251988508100596,0.002496818613191209,0.034073213150269295,0.011666470053305213,0.03120420707388224,0.007763410627072397,0.008086992848900305,-0.005478881434465624,-0.005710332479864877,-0.0010620789473561407,-0.003779606092794853,-0.021297490613014235,-0.007418494591953362,-0.0020358036305370133,-0.006619663687105251,0.024433903968471466,-0.0044098042350750825,-0.00044321338533571795,-0.003988391597081916,-0.03090407889122619,-0.003249675447662665,-0.0016437070998205252,0.01078651717181116,0.019277600143154727,0.026397368252913566,0.013022648369791124,0.004164389434236846,-0.015965391441563254,0.009604667634966396,0.006811201865816202,0.0051614254419612825,0.003534757418033451,-0.005375489688599988,-0.01315195810704386,-0.0064375753549286265,-0.009283126205901071,-0.0037653158125305333,-0.010175282413081247,-0.012978603356509992,0.20896908450480334,-0.20481561708558038,-0.04089031312555789,0.20743068234843642,-0.20307128256500367,-0.04289154544758565
Available Seats (avg),0.008697347480320115,-0.0015927037936697137,0.006482092846953565,-0.8966061224127785,0.5037565869677268,0.4714837445536994,0.8616883438505138,1.0,0.1596619383145638,0.23757805573989252,0.14248901583851906,-0.007430397664447402,-0.02009061103295208,-0.03666396872970148,-0.009661667838264035,-0.0019245587537070653,-0.009088879486560723,-0.0008903638853401899,-0.014010248105540633,0.007552537403624951,0.008814503614340274,-0.011608224477660377,0.00286204208560585,0.0016537575673903375,-0.06388165426182436,-0.008831774556528631,-0.007882199889398566,-0.021054037732612992,-0.03157772925944905,-0.007579371540160576,-0.0021712981301756453,-0.011180759616906647,-0.007346218291516641,-0.010502329164559341,0.007600477549866568,0.009172297544494726,-0.015417510030960346,0.0040614710432132954,-0.00155645658333544,-0.0658445812255977,-0.010822443945767363,0.05186587359547392,0.0019433946389136494,0.012544534692026009,-0.006831062659620037,-0.00864476889983997,0.002446182374026242,-0.025144315027828993,0.31246780274016606,0.2892120923967665,0.16388411741086237,0.05641519701206536,0.05330055760548004,-0.18781848555040304,-0.018608660807361982,0.24989468632651388,0.14655724886005972,-0.13557374495235955,0.054744682420292276,-0.11798544129366823,-0.09690520344273292,0.28633851544061206,-0.04995179137670733,-0.1982727988035459,0.12493848281267611,0.11653022168123171,-0.10079305730652778,0.0803168585565387,-0.01616699086249203,-0.27087438057993257,0.16385442726284835,-0.21916426464574837,-0.40991725365732334,-0.18070494021535424,-0.1106856302617532,0.24666197585651628,0.017908092624910842,0.24377107802050746,-0.14682478734081666,-0.19005047529475874,-0.1593874498269474,0.11460534011171894,0.01015533331078272,0.03869907548745938,0.0007923716717385658,-0.017511606704252718,0.0004132759552156713,0.007155311886256091,-0.010581420626044745,-0.012056757998394247,-0.013885850540317447,0.0073855335491476975,-0.0026457992213556438,-0.016892637916434864,0.0056335839103470895,0.03979970542861799,0.014907092813942575,0.034155243552247194,0.011146940006793546,0.008737352671697484,-0.007477415909934643,-0.005090660097202404,-0.005313608016018469,-0.0076749885835500865,-0.02359709673916384,-0.009818502469234103,-0.0017657668960305037,-0.009612742033672293,0.029713651686501308,-0.005164256410611898,0.0031750044648437784,-0.005273635818526569,-0.03661162839556041,-0.003145938228109624,0.007059629195996169,0.004382488378628674,0.022488815764601825,0.02575421267194381,0.016050375206998035,-0.00011593399703369942,-0.017457296960460295,0.012674506349021907,0.011942766517171008,0.0074144809972284,0.00549931167667412,-0.007790718990770353,-0.01442752248752229,-0.009092665533697834,-0.01189479052656119,-0.006089719565521334,-0.0130716733144656,-0.01680521863336723,0.25344098700870654,-0.2480812412180767,-0.05213695466486392,0.2529956102451993,-0.24756030591038275,-0.05326365221511902
Aircraft Group,-0.002724733388657401,-0.0015243231788090136,0.02344491846858943,-0.17848588638118593,0.29850601426556755,0.048664142602986224,0.13933438353682875,0.1596619383145638,1.0,0.8730858384282363,0.9737011509823974,-0.0009186613834915753,-0.005471612369153661,-0.008365281222837515,0.001184134361022338,0.0058163301462044285,-0.001741507993038066,0.0016391221649339587,-0.0004065039146188667,0.0018643873382141144,0.01397925563981667,-0.0007954749640090137,0.0023381992283567125,0.005556236455009767,0.008523882975953245,0.0011907722402196555,-0.0026923866204187226,-0.006777445444929206,-0.009594137871717076,-0.00485120315241271,0.006019382547943791,-0.002005490781374415,0.0015838225400968081,0.0033113576718442187,-0.0019084360242239513,0.009633204301594485,0.002694987908550217,-0.00048200722197295755,0.0004239005743784024,0.006219300391983195,0.0017057403949792599,0.013388573388811557,0.0018980690913236284,0.003610302875487336,0.004289101646448319,-0.002841562145415383,0.002781595993925345,-0.004922639887713147,0.043117536696853045,0.05509418331979506,0.060159104063153675,0.018263651390228258,0.01826665333440943,-0.04103605023232423,-0.06760617846592537,0.05840032178620153,0.019493635457080473,-0.08840252729740743,0.017635050412893823,-0.015644347218877842,-0.013629989545898733,0.06804957243521631,-0.07242074168774353,-0.14760533264987347,-0.01682725952801931,0.005255726330340152,-0.0931313407390172,0.020966839569669722,-0.01571533097427708,-0.006098448885746195,0.01943507967962691,0.003686074195163695,-0.022009529407006213,0.0024195610600894696,-0.17684246493757572,0.04418315052980762,-0.18061292276616245,0.07496713004876801,0.0084411239538398,-0.03243494079597393,-0.00879901152458811,0.8956080866262538,0.004114265511270503,0.013873422068789821,-0.000884992765459119,-0.006133419117505937,-0.0005663683446565199,0.0013076382037289541,-0.0038664207465164647,-0.005871987640528639,-0.0005612122826678366,-0.0020122021938638237,0.0019225184976370904,-0.001966396907526702,-0.0056275818449379915,0.0029990807595053743,0.003653561062516048,0.009907605039417669,0.00044638667346843597,0.005907400735159086,-0.011281546821274184,0.003063084038879632,0.0034158034689324114,-0.006789037186035751,-0.0036509081606036957,0.0019488860535036403,0.002446427722878313,0.005648583211628158,0.0010944893191508767,0.0053193263249121745,-0.002242332358056372,-0.001334375583407641,-0.001745197473602762,-0.0002933593387027855,-0.0040267247227980165,-0.00457474680708105,0.004968857414303117,0.0004922219801728689,0.001594403776059253,0.0029225272836743833,-0.005732109869986398,-0.0029015038655543085,0.004795271251150499,-0.0007874382554874935,0.002456206076720125,-0.0008962071645704819,0.00046684225132940984,0.00022505567247896346,0.0021835073254869233,0.0007996766363174472,0.0006659740844068917,-0.005189710061998533,0.050158020312051015,-0.04897886433992013,-0.01125307560241945,0.05817718985805047,-0.057279805697057894,-0.009416461716729323
Aircraft Type,0.0004358918291757168,-0.0008356464634967932,0.0171431360656153,-0.21619872787063785,0.37068571569849373,0.16111067377722468,0.21087289289325367,0.23757805573989252,0.8730858384282363,1.0,0.8542610836964732,-0.00501404560926322,-0.004381812257067582,-0.004198669226139344,0.00815877160892857,0.0003416818744178401,-0.0030793562082550383,0.0031267914911955953,-0.00188195814213176,0.00048665291455782256,0.014558242200546852,-0.001667140952847497,0.0006913488887516922,0.006417562562517341,0.010784062295331008,0.0011762769719648523,-0.005359943591938192,-0.0037370294338176595,-0.0034932983399363574,-0.0008562768638010482,-0.002810040367317131,-0.0012422612218871132,0.002622844572154313,0.0035105121841262584,-0.0019292747073600403,0.014114880400870852,0.002896907233495476,-0.00267745191879611,0.00184558931109984,0.002652782466073078,0.0019320312635706292,-0.002958194867457379,-0.006818589095619654,-0.0025219455203470916,0.0037870555637501244,0.011772707007006073,0.0012114628877625151,-0.014783133308643727,0.03621232788500781,0.1803440985393528,0.10552029989807984,0.00876695249137042,0.004534513637327259,-0.07344076578538004,-0.059381234701300106,0.04528064951104591,0.1299365545156886,-0.0722044345926061,0.04985009814218942,-0.008628491339259019,-0.006134347216920642,0.1208775925807036,-0.06420793069198044,-0.1230873233648025,0.026494966399713233,0.02950019552664729,-0.10466209594657364,-0.009772844868455864,-0.014356234011343333,0.005402558969016531,0.05280161262288711,-0.039615374656282024,-0.07488514276099457,0.010170357168676689,-0.13043118459812914,0.19611808561831018,-0.158639618452488,-0.11538569209746953,-0.012633880784523408,-0.01577623339407692,-0.03678956849170487,0.7879105223629685,-0.004640975679773428,0.011281081191184093,0.00214889521498473,-0.005823616163183736,0.002088217552951849,0.00011370059029094835,-0.005280977006839598,-0.004862038824402958,-0.0039088572571730216,-0.003957561873274666,-0.001136881075725464,-0.010243896888609712,-0.004467775826404812,0.0069365102899020025,0.009154551976864397,0.016801531567201104,0.007130333661523303,0.010948260409373694,-0.00768497831347912,-0.006824494974019694,0.0027960106207399345,-0.005495911273421096,-0.0062388335629422415,-0.0011945776424131583,-0.0021235791680055825,0.004421460004967564,0.006130229021519311,-0.001230012888746211,-8.865571247925596e-07,0.002556726598196414,-0.006906633730779903,-0.00012271469740957015,-0.0018603156657414745,-0.004963442488904132,0.01289841513347304,0.011422917637540839,0.008639612775525881,-0.00014876396114262756,-0.012463238276625896,-0.003320001408199849,0.005617586208840473,-0.0024662718367498104,0.004379113693873216,0.0035183944052338493,-0.003229488800633039,-0.0014706978103627753,-0.002364454652088448,-0.0008675962822457967,-0.0036239437247062253,-0.00756093130071478,0.1018038989363396,-0.10029334472818235,-0.015872002492065246,0.10675150563855829,-0.10532047150713941,-0.01554650134159976
Aircraft Configuration,-0.0030903877524496733,-0.002074965618259018,0.02189136033940698,-0.15476093133631694,0.2840527540482903,0.026053253742208234,0.1224006790609079,0.14248901583851906,0.9737011509823974,0.8542610836964732,1.0,-0.0029896569965651783,-0.0031516878063014412,-0.009988860504570603,0.0025339785132277074,-0.0004680911787238504,-0.0031075927326257758,0.001683359451047126,-0.0010656849950166512,0.0017920658012068088,0.01161314679651728,-0.0007970618155864814,0.0020820396578254447,0.005138768083273335,0.010684386977646567,0.003447378258051924,-0.005136807353711986,-0.0052714089478528995,-0.01017354536642612,-0.0032083999236328033,-0.00018670200774458835,-0.002883103580231303,0.001115447350603777,0.0024033556716712605,-0.002671046525853453,0.007387722331970815,0.0024527816122588094,-0.0007806767007942872,0.0007027073357610381,0.007548034269569874,0.001274284972064632,0.009674285342964103,0.004473996607010908,0.0028991564265504464,0.0034775297644942943,-0.002703297001509698,0.0024222453094107205,-0.0064096389377048335,0.04690141735536747,0.05336169069693735,0.04862958890288202,0.015179256889300571,0.015206157073819022,-0.04555223346912205,-0.06845741152875665,0.05036290095895369,0.0295155181710717,-0.09136151290232497,0.013288731131106865,-0.01757514764025144,-0.016306903177303718,0.05982719938505345,-0.0162655798999985,-0.15215370296207867,-0.019857941378419768,0.002656261187146091,-0.09626725727264644,0.018669834013243895,0.0016380963156532016,-0.010789678338197002,0.015941621389576298,-0.00066075881626045,-0.029957114261367383,-0.00027832211966346567,-0.02936844439472535,0.037686673591133264,-0.18288702988066163,0.06489054648741537,0.004650446059206856,-0.03750119294361329,-0.011485833719256763,0.8942480729438941,0.12242673841461076,0.013108926599838694,-0.0019326387576580344,-0.004149651429843551,-0.0008956351607674534,0.0012860883069717192,-0.003103553840593733,-0.005741296511016319,-0.0018923298503325343,-0.001136239777605453,0.00429234818646336,-0.0024151873523262767,-0.0062328388263965554,0.0028460279010746018,0.003534520993014701,0.00838359544884094,0.003490462651526224,0.005608382731623824,-0.011082813276950643,0.002869598166220157,0.0018445376953129795,-0.005655855342069388,-0.004449382002398492,0.0019673160306991145,0.0031873948722895193,0.004302488834750515,0.004275325557311236,0.00435268035257054,-0.002316398624419231,-0.000716910957332819,-0.0027106565673996963,-0.001264574175169212,-0.0033841846251563092,-0.00583377384006751,0.004363360366366493,0.004693620272333139,0.0036891548192840256,0.00140453365058,-0.004411529562975043,-0.003188606445145444,0.0024414740578541415,-0.0013709519723559794,0.0029979122397256154,-0.0013952058457765103,0.0004131381847697011,0.001079857148768411,0.0022272922831511523,-0.0008225374068297006,-0.0007236402978613,-0.004768018588515787,0.036568102997557646,-0.035162581148938714,-0.012512851576205719,0.04173440481902287,-0.04060660547585489,-0.010643676606061766
Departure Airport - Precipitation (mm),0.011893013310706708,0.007105091828583516,0.01951261471815674,0.004521794376109818,-0.008427591735058268,-0.004148496372511971,-0.0037616913203966738,-0.007430397664447402,-0.0009186613834915753,-0.00501404560926322,-0.0029896569965651783,1.0,0.0809044779703337,0.27960769666498975,0.04181443486221339,0.22060584206331824,0.045613513728225766,0.015491771627503799,0.022048044210798177,-0.007489309373132978,-0.0027632043368068498,0.015807674251795058,0.016085269375259247,0.04097981767417117,-0.08226855914399711,-0.0072099403641877535,0.13181550864822064,0.004398027491161426,0.07754296379047965,0.0173274043999066,0.050218357018564724,0.011168482594635668,0.004002902170765915,0.00430735650334362,-0.0036723741723625565,-0.003057286900242481,-0.0006965353392749513,-7.769800929353265e-05,0.011251302757574577,-0.0320931827589359,-0.0016101145510466599,0.07117512043068494,0.08041757757732766,0.03890169945628833,0.04504957013991612,0.03827317716117974,-0.002064546342891791,0.04477563155697397,-0.0024427968982311094,-0.006422710643160937,0.0025547721397279626,-0.05017500889419177,-0.013734502840437077,0.015931925932020176,0.003061848186855627,0.004957681688151213,-0.01494509640536209,-0.008625296649712335,0.009504705223942983,0.006366039350131905,-0.022600269777709563,0.01496000347013811,-0.0003730704583815925,0.012478384002280456,-0.009473812288128417,0.009090900245030044,-0.0034786223180281683,0.029647342722395602,-0.0025825662005002094,0.011446277653171813,-0.0001998258053265386,0.017813653865836172,-0.027384034272880723,0.01473562525535768,-0.017887425937477115,-0.007738533840281823,-0.0030883530678055765,-0.02269726082640069,-0.0037947809128244313,0.020481570038432345,0.005981998940002552,-0.004020333828224166,0.005382767299016583,0.00017163036000537938,0.0038040740252211114,-0.003752642271686842,-0.0042943979150022425,0.007317212491523894,0.0030917956472933258,-0.0006450693612252753,-0.0008693352799434325,-0.00105464931068232,0.005431329915121228,0.0010957163401766178,-0.0006713145290558669,2.3024513242143872e-05,0.001923109636500193,0.001701536884452162,0.0008344274834196695,-0.004681099800931137,-0.003250332402297028,0.0014186812420734403,0.001290888572687997,-0.00040585071938837013,-0.0007713210008060569,-0.0016221821956014656,-0.005571116170659418,-0.001242647511122636,-0.006861565297286081,-0.007641441811874487,-0.004635212563048838,-0.003537829060823859,-0.0006474293335731177,0.004413039858610649,0.0028929468950050666,-0.00023785308730210123,-0.0037886954381548908,-0.004844341634276604,-0.003721698887274281,-6.835050779572589e-06,0.006643136775703757,0.0023817357410843266,-0.0008809882971114982,0.005046631796997911,0.001630619090002038,0.0041564703271748105,0.002322576336501809,0.0002646949676603931,0.0006882465099458916,0.004293592028846737,0.0007541280206111656,0.0010623481177807052,8.203626213004434e-05,0.0006378112197898227,-0.005685363368915582,0.004154062397472255,-0.0030876631402986954,-0.00872460692558759
