,Flight Weekday,Flight Day,Flight Month,Different Marketer & Operator Carrier Code,Distance Interval (x500 mi),Scheduled Flight Time,Average Payload (lbs),Available Seats (avg),Aircraft Group,Aircraft Type,Aircraft Configuration,Departure Airport - Precipitation (mm),Departure Airport - Snow Fall (mm),Departure Airport - Fog,Departure Airport - Heavy Fog,Departure Airport - Thunder,Departure Airport - Ice Pellets,Departure Airport - Hail,Departure Airport - Glaze or Rime,Departure Airport - Dust/Sand,Departure Airport - Snow / Haze,Departure Airport - Blowing/Dirfting Snow,Departure Airport - Tornado / Funnel Cloud,Departure Airport - High / Damaging Winds,Departure Airport - Elevation (ft),Departure Busyness Score,Arrival Airport - Precipitation (mm),Arrival Airport - Snow Fall (mm),Arrival Airport - Fog,Arrival Airport - Heavy Fog,Arrival Airport - Thunder,Arrival Airport - Ice Pellets,Arrival Airport - Hail,Arrival Airport - Glaze or Rime,Arrival Airport - Dust/Sand,Arrival Airport - Snow / Haze,Arrival Airport - Blowing/Dirfting Snow,Arrival Airport - Tornado / Funnel Cloud,Arrival Airport - High / Damaging Winds,Arrival Airport - Elevation (ft),Arrivals Busyness Score,Arrival Delay (minutes),Departure Delay (minutes),Carrier Delay (minutes),Weather Delay (minutes),National Air System Delay (minutes),Security Delay (minutes),Late Aircraft Delay (minutes),Proportion of freight to the payload,Proportion of mail to the payload,Proportion of filled seats,Departure Airport - Avg Temp over 30C,Arrival Airport - Avg Temp over 30C,Operator - Unique Carrier Code_9E,Operator - Unique Carrier Code_9K,Operator - Unique Carrier Code_AA,Operator - Unique Carrier Code_AS,Operator - Unique Carrier Code_AX,Operator - Unique Carrier Code_B6,Operator - Unique Carrier Code_C5,Operator - Unique Carrier Code_CP,Operator - Unique Carrier Code_DL,Operator - Unique Carrier Code_EM,Operator - Unique Carrier Code_EV,Operator - Unique Carrier Code_F9,Operator - Unique Carrier Code_G4,Operator - Unique Carrier Code_G7,Operator - Unique Carrier Code_HA,Operator - Unique Carrier Code_KS,Operator - Unique Carrier Code_MQ,Operator - Unique Carrier Code_NK,Operator - Unique Carrier Code_OH,Operator - Unique Carrier Code_OO,Operator - Unique Carrier Code_PT,Operator - Unique Carrier Code_QX,Operator - Unique Carrier Code_UA,Operator - Unique Carrier Code_VX,Operator - Unique Carrier Code_WN,Operator - Unique Carrier Code_YV,Operator - Unique Carrier Code_YX,Operator - Unique Carrier Code_ZW,serviceclass_F,serviceclass_G,serviceclass_L,Hour of departure_0,Hour of departure_1,Hour of departure_2,Hour of departure_3,Hour of departure_4,Hour of departure_5,Hour of departure_6,Hour of departure_7,Hour of departure_8,Hour of departure_9,Hour of departure_10,Hour of departure_11,Hour of departure_12,Hour of departure_13,Hour of departure_14,Hour of departure_15,Hour of departure_16,Hour of departure_17,Hour of departure_18,Hour of departure_19,Hour of departure_20,Hour of departure_21,Hour of departure_22,Hour of departure_23,Hour of arrival_0,Hour of arrival_1,Hour of arrival_2,Hour of arrival_3,Hour of arrival_4,Hour of arrival_5,Hour of arrival_6,Hour of arrival_7,Hour of arrival_8,Hour of arrival_9,Hour of arrival_10,Hour of arrival_11,Hour of arrival_12,Hour of arrival_13,Hour of arrival_14,Hour of arrival_15,Hour of arrival_16,Hour of arrival_17,Hour of arrival_18,Hour of arrival_19,Hour of arrival_20,Hour of arrival_21,Hour of arrival_22,Hour of arrival_23,type_arr_large_airport,type_arr_medium_airport,type_arr_small_airport,type_dep_large_airport,type_dep_medium_airport,type_dep_small_airport
Flight Weekday,1.0,0.0029088833254435824,0.017456204347622895,-0.005827114207638841,0.009913644538547425,0.009438690817551207,0.010784608987482038,0.008626968990230032,-0.0028908075910212354,0.00028301471835177525,-0.0032585824662797066,0.012053226477244793,-0.009407610490506447,-0.0012702314619855016,0.0005471557497877148,-0.0020640923841028004,-0.008748364198289421,-0.018327259307639142,-0.0210974416241316,-0.00785575317754544,-0.030512389778361255,-0.008438696837648354,-0.0030661946104809765,0.002546145690385096,-0.0024487903519305586,-0.18480626212943355,0.014230997375272999,-0.005872115529746951,-0.002366128240111024,0.0010506620162921843,-0.0001127389663322412,-0.0061281010572573165,-0.015231679165229575,-0.011464993215394386,-0.00341468774610055,-0.030803041116520435,-0.002136745367757962,0.00139085928804499,0.004940893796552613,0.003000694397222305,-0.17485373200148385,-0.007837107090909939,-0.001207300864200122,0.0020167337793509546,-0.0007047440226575861,-0.006487099697969926,0.0027713661878830814,-0.005756329131264654,-0.0045228707148008175,-0.00029509867738482584,0.015430166968697095,-0.0017245121954277832,-0.0015293571706582894,-0.00848103495639779,0.0008679845172845583,0.00800151474204784,0.0064954211851982755,0.0019052161618608257,-0.0024314134747073094,0.0013628591990965703,-0.006820565264174323,-0.007179285523631619,-0.0010436382114845694,0.003768475000734478,0.004556909905407774,0.009565638091871883,-0.002121618547738273,0.006318247989922332,-0.00011036199503682927,-5.7149394843471244e-05,0.006265284636817129,-0.002436879002035232,-0.002820468531279443,-0.0003987274737449813,0.0002590995007094175,-0.00019924757577717938,0.0011829607240498637,-0.0034816063388141017,0.0011871347363426835,-0.0025707174167150172,0.00421916669327753,-0.0016459402721341213,-0.0012078575327469077,-0.002831691420421798,-0.0011919483951752159,0.007654341220447264,-0.0011839867125062,0.0014796694507798573,-0.0025964088253788865,0.0008273696430968843,0.0007795682327382647,-0.0016497169930435054,-0.009156404878063368,0.0010866464672852827,-0.0062571758104717065,-0.0007901341371888837,-0.0024950535647722564,0.00321312783784133,0.0020365702470739005,0.002788336733055704,-0.0027850832599354797,0.00013397525758939354,0.0025739898411699016,-0.001011581117853983,0.00426211880052386,0.0009753173832551026,-0.0020640862850552716,0.0017958255843401741,0.0027637900453402063,0.0015663715540815944,-0.00016501985964336195,-0.003966275991473849,0.0040591827745060805,0.0032788707413264626,0.0033689530777702586,0.0005900915649130117,0.006901697089651492,-0.00027984698679035683,-0.0026562175498799838,-0.0063609197262746355,-0.008083233780663482,-0.0031046829470963793,-0.0027756989192010938,0.0010514588749166933,0.005586105951967494,-0.001776813042840336,0.0011396425019741482,-0.0016391064416557439,-0.004101595327470087,-0.000711618974252152,0.0025474845939824752,0.007083776613237593,-0.002271976337339126,0.001733532267390657,0.0043338919212724085,-0.006657793943899134,0.0064247088114781775,0.0021254564565835526
Flight Day,0.0029088833254435824,1.0,0.002504261689984192,0.0016885057645177884,0.005451757209016932,0.005630294233823596,0.00020955841237418286,-0.0015801485101579085,-0.001538247148815238,-0.0008432622409449994,-0.0020877902679181837,0.007174473603359369,-0.006024670477805405,-0.01012453871903298,0.003950049920197832,-0.015931815327635004,-0.019178083668189554,0.00550771367333716,-0.009042518789313196,-0.003588406281030816,-0.014516109286966694,0.003926527970542034,-0.0007295813869842435,-0.0003613356830625429,-0.001382095121533355,0.00048458286731647456,0.006862086663374215,-0.004861297203345791,-0.013569877528120928,0.0031481574255315657,-0.015982407727397455,-0.017269260193368323,0.0027499281432156785,-0.011346809814559954,0.0030928554197610877,-0.014025669508472649,0.00785615734051387,-0.0003937698131139564,-0.00554744618129199,-0.001343018939243437,0.006203331079880693,-0.002199572672745456,0.00038278472480837234,-0.003877604703036625,0.0023306273953819885,-0.0028293285814164973,0.0006940027636402373,0.0032607003525128766,-0.0028404481896365913,-0.0007175968050805582,0.0024088957820193858,-0.0005415848236379134,0.002696029666826109,0.004554085092441486,0.0006245106571909156,0.0015508594212482298,0.001722135082736354,0.0008083854816333451,-0.00020799373255422926,-0.0005410603121094981,0.0009157973776726727,-0.0035571803190299384,-0.0004674938996763737,-0.00018547611911744655,0.0022752341021923385,-0.002047293571666264,-0.0006169641371938388,0.0017052986113759317,-0.00395939399357421,-0.0009249630739386304,0.00016441303691105922,-0.001681938968689294,-0.000260761177930671,0.003155836053340452,-0.0008560203614448285,4.55863641521744e-06,-0.0020223088891852007,-0.0015606433382037944,-0.004615009021315951,0.004109945845820675,0.002282410879327934,-0.0002506511960143198,0.0003452297913767387,-0.004498352775569575,0.0030057359609455317,0.00019866010683015385,0.0007446079000380238,-0.0008286208591006869,0.0013637320592940387,-0.0019813114903799696,-0.0007036989303979083,-0.000506400796631973,-0.00028191325597668685,-0.0011957066916289056,0.0031615117415433967,0.0003606017960088284,0.0007499260671929262,-0.007266411692891939,0.0001727436973213433,0.0031940309202372922,0.0004955354888658354,-0.00022434506543260894,0.0064509399045184004,-0.0025102137141917785,-0.003911039671515914,-0.002596465719451521,-0.0029233935914910057,0.004367632592501156,0.0034279679517169813,-0.003367679197980726,-0.0007344938412091795,0.002326451038762159,-6.325408952149827e-05,-0.00039255605713442215,0.000686031376158656,0.00031148309370007703,0.0005073227180981651,-0.003750269690374966,0.0042148877861619485,0.0006996361428958797,0.0007413137683776363,0.0005935564824145076,-0.0021014948547493028,-0.0008165402530903352,0.003479627548380908,-0.0025910355414013406,-0.0006880096000512405,0.002184322946738131,0.0018859976922498945,-0.000331431012632052,-0.0031136981630201154,-0.001236207049814857,0.0034064610664443665,-0.003369229106221495,-0.0004258282268881557,-0.0011314214717068644,0.0008585560491934706,0.002235467800520716
Flight Month,0.017456204347622895,0.002504261689984192,1.0,0.0057176585035179535,0.005951225742579224,-0.009086701249263486,0.016781597969737532,0.006740410538578105,0.023548206726613605,0.017286412557345286,0.022002582010984324,0.019496991612339094,-0.061901348092493924,0.02896002052404079,-0.007248757604637673,0.023195360606520787,-0.039584489675397586,-0.010904421134820402,-0.03999849778541719,0.001821148897692482,0.040791327766664894,-0.03484789337296773,0.004852715964316877,-0.015316789584794448,0.0010948499202069455,0.0967107972243546,0.016540594561363975,-0.06288004600202199,0.025274300916566204,-0.0033846792196043918,0.020939257167420865,-0.036802142596557195,-0.015200915847102066,-0.04052905522857466,0.004646385814839362,0.039775187281880155,-0.04533825860298585,0.0072008420025055355,-0.01237385275218127,0.0031876861123991663,0.09199056643879237,-0.0015139608883351396,-0.005823003132497299,-0.0022587627390183583,-0.006007353845351297,-0.006775305508238793,4.94326104388549e-05,-0.004168016057475648,-0.015423213069513886,-0.01158629815348573,0.05448930341483091,0.03142140320987397,0.03027348918779598,6.282997793101395e-05,-0.013270011493646127,-0.0031011283280684633,0.0029777964132704764,-0.004035659577272155,-0.005764796667316838,0.01523630616177663,-0.002022220470877267,-0.0028934196048889024,0.004319696975444137,-0.01445204578156907,0.004595780739951025,-0.002585962161892523,-0.004318191905968914,0.0014789884434451902,-0.009226105321322415,0.001852131194955087,0.0011432077004018975,-0.0010134650212378893,0.007559262112164427,0.005509375966431935,-0.0025666394281628336,0.0053413919067453915,-0.04468887491737419,-0.00218665250443297,0.004967305542946484,0.005807097867852848,0.00027298278029900565,-0.005166969134404653,-0.005200555316186909,0.06824846423533072,0.004254847970022318,4.0506083175227226e-05,-0.002906827309432155,-0.004968900727585109,-0.001979130503964062,-0.0027217126395148858,-0.0038733587585845675,0.0008813159402900256,0.0019505521724262635,-0.002905937055393369,0.0038152968053626643,-0.003829794591293572,0.0018500961514034255,-0.0021073448955055136,-0.0012810145745221658,0.003141429947657391,0.007605460446353876,0.0016054287540107784,-0.001985513908875066,0.002070111626342707,0.001988808304903081,0.002405151029160146,-0.0024882687007839535,0.0010096695674533915,0.0007002737385614264,0.0014501156232604212,0.0011221871627006695,0.0006813112316864765,0.0014514738461694687,-0.0029609361250520954,-0.0012072381010268809,-0.004709862055903436,0.0016221270666036567,-0.0034834835836124738,-0.0002492796019491053,-0.0012510328118249922,-0.0033314104360652225,-0.0006139181718341401,-0.0007204478858484125,-0.0011324135201427109,-0.0008406223950380444,0.002670692226576483,0.0021932437732839157,0.0037625155684175597,0.0009514707547061605,0.004761019636264069,0.003375720616408851,-0.0031592533566777822,-0.005496906668173159,0.005802751540459712,-0.0021982091206272612,-0.0012843816354378465,0.002136949091023407,-0.006801894178699537
Different Marketer & Operator Carrier Code,-0.005827114207638841,0.0016885057645177884,0.0057176585035179535,1.0,-0.3963582423166468,-0.35177480344571416,-0.7514765824463071,-0.8966490206562103,-0.17861023550129715,-0.21639038562539423,-0.15493163742476104,0.004625211127376021,0.017060390479441877,0.03484204062010151,0.008053116104139377,-0.001058730715696949,0.004935564808109834,0.0011581100046443972,0.010948448882984754,-0.007079955670025506,-0.002768816139870219,0.012291070568629383,-0.0020910591856125706,-0.007193348071658286,0.062293214400557566,0.014504241173789248,0.004725554028668295,0.018916038678668288,0.02968041464963488,0.006979833027126967,-0.004157049541878125,0.010630179227743322,0.00779682442117137,0.009413455724089172,-0.006527137857808504,-0.0034796980095962234,0.014204193893791607,-0.0020795571771422224,-0.003916594339822321,0.05875843365467625,0.01626490874590711,-0.005272975681357356,-0.05809610569447056,-0.012383571767423421,0.006549867642944014,0.014723387351554838,-0.0017350862806058162,0.019212855000223784,-0.20256767369961587,-0.2330673552934671,-0.14680052624101825,-0.053303639694565606,-0.05449699833098654,0.23515151268998247,0.016125833358397096,-0.2811258354232075,-0.13928035099940891,0.12428082552669095,-0.14819619048509688,0.10066025899245565,0.14330867730678695,-0.2898746651388366,0.044503847200157653,0.18558291996289428,-0.09534104345416945,-0.08718144173166054,0.13197138462893349,-0.08151913315411695,0.012123148955288985,0.2594214488823436,-0.12056092380783227,0.2447218986899102,0.43405376182943717,0.15194993033586457,0.16260471839993262,-0.22640118494196082,-0.025417258876163785,-0.35292412061390244,0.21584370002984585,0.26813043996156277,0.14611079726061602,-0.1184350524141055,-0.01599631613951022,-0.05518903957497275,0.0031166944306036783,0.021785290077638006,0.00014769983744296984,-0.004633549075707019,0.009096889175896614,0.015032786792629118,0.009866637651221876,-0.015227421800205827,-0.0062885636517960525,0.011574839374347834,-0.011514243946665781,-0.039063930188627485,-0.015044051271545377,-0.031528923080725316,-0.0036220106610634654,-0.0017699569371875735,0.015761942972520745,-0.0004526052634820816,0.00678581269871716,0.01126414681135866,0.023811665875746957,0.011234944387244719,-0.001152612471642504,0.009672504832272236,-0.02780046813257013,0.0012480009808363275,-0.0033388167970767324,0.007133827868347363,0.03406623261041595,0.0022964843664371438,-0.009219284761853741,0.00392821962580647,-0.015116461453366613,-0.02199393366065063,-0.007207502757172874,0.0003363904735210704,0.010428755429661261,-0.02015428893909183,-0.014386323464607387,-0.01307064335509471,-0.011451913023451384,0.009316402120961574,0.016339475943141314,0.010133696408683694,0.011961703958214666,0.009263129190589556,0.015168235529878487,0.019465221973356362,-0.23176522758169835,0.2261680956092641,0.05313187006082091,-0.2332878793144949,0.22765322371875277,0.05412542561693825
Distance Interval (x500 mi),0.009913644538547425,0.005451757209016932,0.005951225742579224,-0.3963582423166468,1.0,0.9120844183464832,0.4629621571044553,0.5038504258120204,0.29871191401573327,0.37086499684738145,0.28427933231540314,-0.00850844726688691,-0.00877046392504246,-0.021235171496054375,-0.00031224884704330626,-0.013530960895144715,-0.003397969286738175,0.0020774868565183466,-0.009098556124617534,0.0030395171855134412,0.009523766016925771,-0.0064181047878181345,0.0005470735327646519,0.005591367942895922,-0.046773678688504905,-0.005875318749972338,-0.009449513187707042,-0.006351319717535543,-0.017811936200387766,-0.0002446667566142305,-0.015055071709913105,-0.002957511507928828,-0.0008191253346583752,0.002262588875637683,0.0020949034130276216,0.010891877132085835,-0.004815201907552417,0.004332696784774033,0.0010463588423470682,-0.047753936105542336,-0.0072652089856263535,-0.024557210468702136,0.035563385975080866,0.01662860395324298,-0.0045264375161390875,0.025059949901825942,0.0035834047418249024,-0.025138914049947423,0.25939527283689806,0.30428943753687143,0.24901065072965164,0.028333772232859804,0.026210012069300095,-0.09195792523011534,-0.01978406148564402,0.15380533646407987,0.16226676771853413,-0.0627836252571515,0.11110267939326306,-0.04931948742378101,-0.0488313025510764,0.09358892154338373,-0.03029872189186104,-0.1028492848542885,0.0432519913389341,0.01891795331721045,-0.06470397414907585,0.005848065725951791,7.452201279317546e-05,-0.10803497302398359,0.06272521261658691,-0.11003489851315365,-0.1579171560919396,-0.0850259158386981,-0.07857043720675277,0.20845621912805803,-0.0528539916864086,-0.028070748488826895,-0.05895350462234375,-0.0680655779185483,-0.0697631512402702,0.2656428037642329,-0.007033696465091668,-0.001859616765423508,0.006610233521843823,-0.01218568204531117,-0.00023395155852955286,-0.004391765079393007,-0.008275675702556147,-0.010607760413326046,-0.0057004373422929605,-0.008469473848848948,-0.02043347815539157,-0.030765182072672835,-0.008814444770577525,0.03641693157611771,0.012396570132058887,0.032795185616647064,0.033269039340808514,0.025536297016999294,-0.0035309401721395272,-0.008260407621505466,0.0032771962323347335,-0.0027650601836816577,-0.013353776821295349,-0.005189759947142812,-0.006940569991662941,-0.009257420350365118,0.03201600462160887,0.001895464106779611,0.00027817264217357265,0.0006052717871324879,-0.017554985300684913,0.0031596110180987084,-0.008373362788106842,0.0031544244312761327,0.04543261297512133,0.04085817525271858,0.040645083412813275,0.009349565888948082,-0.037658984863078296,-0.003952061087694725,-0.0028317819323687527,-0.02021165066767093,-0.004532927416404745,-0.004401281872683101,-0.014160524608123521,-0.017483022382311995,-0.016084726230647266,-0.005958433011101874,-0.013945890209072548,-0.001384833207344822,0.18004283146299374,-0.17688088642384342,-0.031922134374269114,0.18346361601123173,-0.18058838475569913,-0.03006268285772413
Scheduled Flight Time,0.009438690817551207,0.005630294233823596,-0.009086701249263486,-0.35177480344571416,0.9120844183464832,1.0,0.43646428178465213,0.47153647204765275,0.04882986371513228,0.16119909430692034,0.026249039625173318,-0.004216757753618181,-0.0008995583553462554,-0.0026215823878222486,0.004329762779419108,-0.016578134178346676,0.008675366156753113,0.00046910834006417195,-0.0005615524684545277,-0.0007328232946417693,0.006400743761880198,-0.003056518356089506,-0.0012656067328829586,0.011593478073700057,-0.08195617632553323,-0.015020745699135715,-0.014635838899805862,-0.0037242807381308403,-0.014677288466459295,0.002656524377532018,-0.025458423749107142,-0.0034100016482235484,-0.001014888176414903,0.0038405175671198714,0.0015107920861532657,0.021287779568700697,-0.0044609280213025295,0.004062334104473201,-0.0003950515121134465,-0.05320579928919419,-0.015720902942635204,-0.03948617880462725,0.036033415562737425,0.015290419258865677,-0.004571515097518898,0.03525037328704726,0.003179997015378765,-0.026943832071779823,0.24910392216251973,0.30407204612687083,0.2495977869960316,0.009491972439983504,0.01657625018522819,-0.07414856062261661,-0.015709650940574194,0.15522759547669232,0.168225252174702,-0.0465809647425776,0.11389089562564313,-0.04246615950393435,-0.033636502263910566,0.0756960399468601,-0.04954636936080186,-0.0654627310218893,0.05685976564566134,0.0021406513905811485,-0.04081069838748584,-0.03971469409952033,7.763702520549199e-05,-0.10680241377737305,0.06273223921531969,-0.11080903891422655,-0.14555487662861305,-0.08843625661105099,-0.08398894756232152,0.2066623356113732,0.04543010620998066,-0.06870506529621666,-0.06258282116517047,-0.039467157341915145,-0.07079038803573418,0.030920597093452462,-0.01856604428894776,-0.006449590823985067,0.0020555935108995224,-0.008378001300307969,0.00114100502499811,-0.004802882808555783,-0.0019560991700789143,-0.002866495886164313,0.0022169427150402956,-0.0032372275872168846,-0.01982222325765823,-0.03436528515177666,-0.00736510990694393,0.03646807184574769,0.010194908745554126,0.031608871033150465,0.0300779060156354,0.024852738674042897,0.0004267571364317232,-0.012687158290715145,0.0020259988674220714,-0.0011024175188835003,-0.01643231300086177,-0.008871194942619664,-0.011891328522974668,-0.015168678448711746,0.025837239155154575,-0.0074620165351948564,-0.0031077574474059387,-0.0003916410817450273,-0.016368106910360888,0.0010602601013707592,-0.00486441912746878,0.0059182873105194525,0.04588690023585734,0.043037674416630256,0.02871416877616419,0.011245493919969604,-0.035436229905154014,-0.0035614760623016327,-0.00731910090804791,-0.017600141413662486,0.0019955844121511976,0.007755134546678239,-0.012674061830310843,-0.015248452383070377,-0.015459512215616342,-0.006302527275715263,-0.014613010810619585,-0.002306507850151086,0.21402820076989967,-0.21078356744339127,-0.033893567961778975,0.1982794396728158,-0.19539077364652485,-0.0307326500186411
Average Payload (lbs),0.010784608987482038,0.00020955841237418286,0.016781597969737532,-0.7514765824463071,0.4629621571044553,0.43646428178465213,1.0,0.8617355976943207,0.13943881757890644,0.21098203900502394,0.12253305092822797,-0.003873883077491208,-0.01752352684937566,-0.02541517465495934,-0.007597817690333638,0.003469528046407831,-0.007899108963452285,-0.000570371854505452,-0.011819103564215474,0.0060943391409786305,0.008932453413925514,-0.008874950019059406,0.0015360585071284522,0.0023775342581211605,-0.05487505341259713,-3.4461193457708695e-05,-0.004399395053087938,-0.02027097194038278,-0.021543123906399432,-0.006263153039067472,0.0032130438956172536,-0.010793307955547036,-0.005665474023000168,-0.01057335994283661,0.004925543855275214,0.008075278288643373,-0.014108633656330208,0.002837698696937589,-0.0017783855924571228,-0.05369500858875039,-0.0033743565836729453,0.0013141909408231139,0.04350972114659901,0.01640771772482467,-0.003342146320585351,-0.008674815797692753,0.0018843992699102614,-0.02057595735088034,0.33207938177408336,0.24824739933664694,0.13195767149772508,0.04329459262541151,0.04164165014877173,-0.1426492493527813,-0.016540848734691246,0.25652461540491667,0.11224829984780728,-0.12392251355227124,0.0389242398715076,-0.09570475772778143,-0.07884460043933657,0.2649323105289127,-0.04572526561771678,-0.18848061353274598,0.1667486725333049,0.23000626731528495,-0.08299062676340943,0.09837570624098295,-0.014247914683341759,-0.23125057596319687,0.06495200708525299,-0.17165488950047433,-0.357382529468864,-0.15514609756457778,-0.10500347011311029,0.17740248311133905,0.015079957385966831,0.13371821973822354,-0.12679918168314852,-0.13451707654959447,-0.12032244396366402,0.07578592348681776,0.006349445181749632,0.09290880623687957,0.004565158998053401,-0.01394655880923948,0.0022250573664017864,0.0053370062287986025,-0.008847674163693274,-0.010511325770034137,-0.011545726866886666,0.0028824582786806394,-0.00720848198373596,-0.014206641747384195,0.002491314032902878,0.03412565625961055,0.011671330461125295,0.031188479729453045,0.007739809128281885,0.007991562129687355,-0.005553683135353459,-0.005693347823342146,-0.0010231699409134268,-0.0038645764591231503,-0.021296307573926348,-0.007393128309950252,-0.002200956916148511,-0.0066427238808775615,0.02442981212183906,-0.004438015347822542,-0.0004721393708629057,-0.004044447240717142,-0.030889245077516503,-0.003197099852953325,-0.001600453082349758,0.010785519139405009,0.019332047863654788,0.02642309149759457,0.013070320024031388,0.004237333915490493,-0.015960375835550766,0.009662865145460789,0.006895299176195495,0.005105141027963293,0.0035609891037286508,-0.00545171539934565,-0.013347350961801936,-0.006383397485314936,-0.009238039596464282,-0.0038553701567149816,-0.010202000123168308,-0.012997578345159397,0.20895026857198917,-0.2047931705296437,-0.040891302026926916,0.2073440597460053,-0.2029882300799224,-0.04286556760253334
Available Seats (avg),0.008626968990230032,-0.0015801485101579085,0.006740410538578105,-0.8966490206562103,0.5038504258120204,0.47153647204765275,0.8617355976943207,1.0,0.15979474259234544,0.23771993862501006,0.14265469744299686,-0.007554604083169055,-0.020063151458907656,-0.03677931348705706,-0.009704692603617521,-0.0020220214566617186,-0.009047392713172762,-0.000864645590139704,-0.01396594788721789,0.007567687254410141,0.008852525294180182,-0.011581971774878377,0.0028670869631207433,0.001670741811016024,-0.06374128906737363,-0.00885399451651734,-0.007916367590928796,-0.021075351926045788,-0.03166243100485584,-0.007718857254627299,-0.002257933069203658,-0.011443913860249469,-0.007318440299792623,-0.010694271649830327,0.00761418643772008,0.009248682801458285,-0.015390228704183686,0.004066584890956061,-0.0015387640610165913,-0.06572244173749314,-0.010853254065800358,0.0019925047819939444,0.0519397486444162,0.012643670316198853,-0.006797182427915426,-0.008609381359169506,0.002453608999823826,-0.025021977161883518,0.31251388300787136,0.28927709268706886,0.16387411324187154,0.0564715429328355,0.05335730894176492,-0.18916976100607616,-0.01859735596223673,0.24999798684232855,0.14660479164517307,-0.13548852674985562,0.054824198355477104,-0.11791420680457552,-0.09682356685627937,0.2864355949971891,-0.049920972356151505,-0.1981462074580139,0.1249644788284684,0.11655341545158776,-0.1007146676132609,0.0803466486175138,-0.01615788507472119,-0.2706979956377967,0.16388529497383741,-0.21900856667457608,-0.4096278626983115,-0.18059636235202933,-0.11059270656879412,0.24673377645814845,0.017919430871816404,0.24391809323439678,-0.14670106597553575,-0.1898939461878595,-0.1592871352374117,0.11478249864068076,0.010162781800779522,0.03872502357691084,0.0008233597366582012,-0.017573882959573423,0.0004378082651716414,0.0072205165265532036,-0.010535069965574802,-0.012053625697963496,-0.01380177045190235,0.007445230492231552,-0.002530326922849634,-0.01682660162568468,0.005625797045059943,0.03986067472095384,0.014911529180968558,0.03412866652265993,0.011102790850467224,0.008625407205421256,-0.007563914575659176,-0.005066162476925847,-0.0052665830766117205,-0.007788125428031461,-0.02359762814848827,-0.0097884677295895,-0.0019660669121251365,-0.009633543888223383,0.02970864997267346,-0.005187128509292042,0.003138352022295234,-0.0053446936533414115,-0.036601753498488876,-0.0030768934507488096,0.007104852477403372,0.004377266440483451,0.022555554044891766,0.025793158103604268,0.016108264077092288,-1.485781417127898e-05,-0.017450763852165815,0.012753968585198849,0.01205115042457119,0.00733612097222163,0.005528736469356249,-0.007901382237055372,-0.014666355969303156,-0.009020572664140218,-0.01183241374197012,-0.006211047272705144,-0.013117293143488853,-0.016820428680620628,0.25338247932094826,-0.2480166972435996,-0.052146908214058284,0.252856288871728,-0.2474261449309445,-0.053224414901239026
Aircraft Group,-0.0028908075910212354,-0.001538247148815238,0.023548206726613605,-0.17861023550129715,0.29871191401573327,0.04882986371513228,0.13943881757890644,0.15979474259234544,1.0,0.8732829725764005,0.9737540698170736,-0.0008684135973650791,-0.0054270157511294775,-0.008547631330906039,0.0012669321300001755,0.005468656203994034,-0.0017172064589249679,0.0016522376469540728,-0.00038270881182914953,0.001872521102179362,0.013999615039323092,-0.0007813493714281036,0.00233924690759606,0.0055607876139568795,0.008551817273071161,0.0012325687758484693,-0.0027913904715052397,-0.006721118892183811,-0.009540328670562733,-0.004938032229288543,0.005919775371776237,-0.0019121526043324928,0.0015971412652213345,0.003374512496047391,-0.0018973572202294691,0.00964959668644897,0.0027056021531844054,-0.000477906639118656,0.00043347464285203516,0.006216943859670371,0.0017721884736464106,0.0018470248529550042,0.013438237925974773,0.003666188196345556,0.004303330252489765,-0.002752647027455524,0.002783513004873269,-0.004851029127680618,0.04315420967005125,0.055125941571412006,0.0600886973799855,0.018287222499329344,0.018289943382436977,-0.04228817298084655,-0.06753505490563448,0.05844482292988487,0.01952586318842071,-0.08828667331588955,0.0176724522060364,-0.015606574527960403,-0.013584844843832107,0.06808725610078785,-0.07233855432116555,-0.14741632854601305,-0.016774879412388085,0.0052829190516498785,-0.09300903558372556,0.020976180488990206,-0.015696958501409244,-0.0060353071030837405,0.01946043308443589,0.0037361205811466784,-0.021891612566652837,0.0024505155166863364,-0.17662933885319027,0.0442224027406731,-0.18042287389339384,0.07501996441944377,0.008480049811802481,-0.03234329934113073,-0.008758092750917428,0.8957984537379846,0.004116108716059979,0.013880849180918697,-0.0008327951743931317,-0.0060132276352895244,-0.0005164415297004794,0.0013702016036050123,-0.0037897149812398316,-0.005803078172272952,-0.00048515224083840757,-0.00197439147017762,0.0019870217037486647,-0.0018964235140346301,-0.0056394997279341445,0.0030797312018220543,0.0037319520724901217,0.009841375184848813,0.0002728272577123304,0.006011243291331743,-0.011195265979125839,0.0029389133468500513,0.0034849167333793596,-0.006964986153665489,-0.0035452785964340187,0.0017204061775041512,0.0019500657666504666,0.005527925555482557,0.0007487385584125203,0.005087732927885847,-0.002179111508922969,-0.0014239600919592251,-0.0016562663676550691,-0.0002535820886072697,-0.003933602143346848,-0.004507335987365473,0.005030341527722535,0.0005553903695997596,0.0016550849829168857,0.003004255761977297,-0.005832998436303391,-0.002821032296751705,0.004855221214970357,-0.0008098961873945808,0.0025046522343111395,-0.0011604065497349224,0.0005850359015204393,0.0002651015037522485,0.0022635985121755692,0.0006041451418731916,0.0007570354565246295,-0.005104347672629001,0.05037615665078128,-0.04920553555197912,-0.011186240351750285,0.05821020128888233,-0.05731604138780121,-0.009392934790587336
Aircraft Type,0.00028301471835177525,-0.0008432622409449994,0.017286412557345286,-0.21639038562539423,0.37086499684738145,0.16119909430692034,0.21098203900502394,0.23771993862501006,0.8732829725764005,1.0,0.8544936908507313,-0.004986854797919094,-0.004342242963616379,-0.004382107941527979,0.008208581001116474,3.690300339200097e-05,-0.003050238221292557,0.003141893469811179,-0.0018527747987025797,0.0004981375544102288,0.014584696617212657,-0.0016500532582819861,0.0006948338296498607,0.006424630534361926,0.010829787446275751,0.0012021941534482304,-0.005445137510431622,-0.0036985309579558923,-0.003472859851010895,-0.0009644268933913309,-0.0029055680822453814,-0.0012208240273815494,0.0026385084020170155,0.0035245027408405435,-0.0019169195851244795,0.01413634186911218,0.0029104714770239884,-0.002671108590089259,0.001856032409277975,0.0026752515703377493,0.001978201588723324,-0.00684283739442746,-0.0028856210504105604,-0.0024493848458419366,0.0038061154511479186,0.011838655412961493,0.001216106096745267,-0.01469260024024737,0.036279433985897946,0.1803064012429729,0.10543434383838139,0.008809906932859476,0.004580400819462231,-0.07474281681843471,-0.059331535711176386,0.04536870984612954,0.12989752731980053,-0.07211658254145724,0.049876923033108526,-0.008595642193832251,-0.006092291928578181,0.1209090324284736,-0.0641471247877432,-0.12294409108673435,0.02651667664721147,0.029516006419280354,-0.10454727644147271,-0.009729332417076844,-0.014342075962823614,0.0054659612893085754,0.052814099831147765,-0.03952094005644734,-0.07471276377767415,0.010202122947228777,-0.13028841990962156,0.196063889680229,-0.15850681102542236,-0.1151358304321356,-0.012567884431194484,-0.015694132422200906,-0.03672320689814592,0.7882422144473564,-0.0046303553786946165,0.011297700650599618,0.0021952811818365184,-0.005735726589922413,0.002131617647185486,0.0001802781908625594,-0.005210633252074507,-0.0048078823689181064,-0.003823789836240083,-0.00391206571069405,-0.0010571869663593885,-0.010165543071292171,-0.0044818085936753896,0.007015228394718427,0.009214851651172985,0.0167373837169721,0.006966313509153967,0.011011812471429816,-0.007628333524098545,-0.006915374947196835,0.002860223929656205,-0.005668700170086716,-0.006152487378305688,-0.0013799155806383753,-0.0025690675342512114,0.004318906799540567,0.005838353323502757,-0.0014175109871550802,4.27983688379247e-05,0.002465459595175335,-0.006831322586453367,-7.579322694272047e-05,-0.0017781656572184667,-0.004908808574433872,0.012957982824695917,0.011479388258998325,0.008696704341978145,-5.6613335533687235e-05,-0.012542993960609004,-0.003234861080049215,0.005690069249011378,-0.0025008422025240206,0.004423621770680129,0.0032632617551050106,-0.0031693918568492115,-0.0014218015256844587,-0.0022795538973948808,-0.0010574504692188983,-0.003559779502705432,-0.007488857226648826,0.10194644503908423,-0.10044131981690381,-0.01582597391319679,0.10672847920409213,-0.10530111444343465,-0.015517848110074475
Aircraft Configuration,-0.0032585824662797066,-0.0020877902679181837,0.022002582010984324,-0.15493163742476104,0.28427933231540314,0.026249039625173318,0.12253305092822797,0.14265469744299686,0.9737540698170736,0.8544936908507313,1.0,-0.002937275083434671,-0.0031088595292109037,-0.010173217706849081,0.002614484546058064,-0.0008120233761849287,-0.003080818984734032,0.0016970659122164198,-0.0010401352838068697,0.001800686990557271,0.011637112102410302,-0.0007823062639412868,0.0020834492626005253,0.005144078071702143,0.010712661503511333,0.003486145906294348,-0.005234313076882251,-0.005217010442412565,-0.010120466267286125,-0.0033022426150197733,-0.00028092465613727987,-0.0027930170847833098,0.0011298898954754404,0.0024646189576413287,-0.002658723037021494,0.007408337420081447,0.0024641891156092183,-0.0007760937067105587,0.0007124433555940967,0.007546390586861515,0.0013409643010354791,0.004420765105841018,0.009729846284440012,0.0029584140735775012,0.0034933356354370343,-0.0026133406241213445,0.0024246794433352243,-0.006333325357552552,0.04693681698317323,0.053397989986468865,0.04857528749903218,0.015207486572888269,0.015234068085703668,-0.046839246821835115,-0.06838366566483611,0.050419287170915504,0.029539330237543442,-0.09123929848145156,0.013332725896971393,-0.017534017784095104,-0.016257252028167298,0.05987690120040897,-0.016238710385404222,-0.1519546895751242,-0.019800430682003482,0.0026874821750033605,-0.09613822101486823,0.018682426224460362,0.0016392053772935008,-0.010718944370654118,0.01597216487238923,-0.0006038578214403262,-0.02982598477559222,-0.00024312926167473288,-0.029300937193960545,0.037735518835728586,-0.18268997491531558,0.06495842704468296,0.004695244240801331,-0.037400862395321484,-0.01144048345695665,0.8944415225280966,0.12230769982060591,0.013117785399778295,-0.0018782629035706563,-0.004032879096996614,-0.0008445527613113419,0.0013505074903054025,-0.0030264338411838403,-0.005672353940869258,-0.001812239373631101,-0.0010976441932039867,0.004357391159371082,-0.002342564290748637,-0.006244069145004064,0.002928917940549965,0.003613896741988969,0.008318231398974908,0.0033097988394178122,0.005711705053731298,-0.010997474440346712,0.0027451852656328957,0.0019167383496019727,-0.00583790624232296,-0.004342243092340242,0.001737247509071857,0.002682042359668952,0.004182280597489822,0.003923140691475723,0.0041203592391373415,-0.0022531181799894735,-0.0008096051701125669,-0.0026204627129380155,-0.0012219864247044767,-0.0032902948731472212,-0.00576451231885417,0.004427445068683998,0.00475393031493829,0.0037492112253282566,0.0014909274769698221,-0.00451491623992602,-0.0031050805544263274,0.0025067107978439134,-0.0013945265020759198,0.003046589735400908,-0.001663900847467275,0.0005277310417847353,0.0011208610271603036,0.0023093153715287424,-0.0010199254060551906,-0.0006316092752970594,-0.004682563495288265,0.03680586292616388,-0.03540878628807872,-0.012445020089955223,0.04178657543259714,-0.040662417653822294,-0.010618026795136345
Departure Airport - Precipitation (mm),0.012053226477244793,0.007174473603359369,0.019496991612339094,0.004625211127376021,-0.00850844726688691,-0.004216757753618181,-0.003873883077491208,-0.007554604083169055,-0.0008684135973650791,-0.004986854797919094,-0.002937275083434671,1.0,0.08087969772995947,0.27952681475645347,0.041743612646953365,0.2206405567818903,0.04557318207490793,0.015476019054265846,0.022024908374323207,-0.007486689255584151,-0.0028301391809894766,0.01579210520906473,0.016072401130877146,0.040946591110115865,-0.08225884429517451,-0.0072197599073793505,0.1318598333670047,0.0043618418475638585,0.07768259520000059,0.01737284336597965,0.05015357152426857,0.011053836230733693,0.003995599566300115,0.004273718403673869,-0.0036723335296093545,-0.0031099831938034856,-0.0006998995210796772,-7.869529324309199e-05,0.011240075097047155,-0.03209416207056151,-0.0016006804588153197,0.08031753840724608,0.07107856070256813,0.038855227608617836,0.04501085376744315,0.038207770053773196,-0.0020643903822351035,0.04472258083897523,-0.0024644581648509164,-0.00644348285583755,0.0021891409031935386,-0.05014991661329682,-0.013736426446381638,0.016268912476245664,0.003058554016586195,0.004923359192101225,-0.014949059080590483,-0.008626864772256215,0.009481521044946048,0.006354883559886893,-0.022592688826583933,0.01491700610846733,-0.000375644184422573,0.012457226602162698,-0.009477127421529072,0.009074697491552965,-0.003484494216589748,0.02961652081766965,-0.0025814347630697134,0.011421108821108432,-0.00021276035601447627,0.017784682761200394,-0.027390897800306905,0.014714966101295137,-0.017884560315703835,-0.00775723229222758,-0.003088829401093767,-0.022717692858293524,-0.0038057734971248787,0.020449074507981467,0.005968208236030705,-0.003967410713971621,0.005377054929155749,0.00016529186193729346,0.0037877683197195485,-0.003757874726494975,-0.004309022680577019,0.007355788351424526,0.003087804817032831,-0.0006801053442499853,-0.0008997337085120153,-0.0010642980297620034,0.005407884342917299,0.0010645770457363844,-0.0007326591057647209,-3.8512602269216746e-06,0.0018808374821747003,0.0017699947927992564,0.0007754052854220643,-0.004764515052287312,-0.003304235673401376,0.0013841231162512548,0.0012493214893660035,-0.00047950311735963654,-0.0006733291629801194,-0.0016476347712119379,-0.005568490057002838,-0.0008171879471446344,-0.006877812069451338,-0.007622098785852482,-0.004032766349929191,-0.003536763079481539,-0.0006713408182016121,0.004398253730291209,0.0028732704542495735,-0.00018811643110340425,-0.0038076019352867255,-0.004869846916733135,-0.003748297447460831,-3.985915610669395e-05,0.006583240827422757,0.002365909560830737,-0.0008992129392407525,0.005064047918714638,0.0016251561056386489,0.004077885621740913,0.0022082451470248356,0.00025276111928084177,0.000647560279119241,0.004206607415217628,0.0008662608635981766,0.0010280871399890774,9.122891516744474e-05,0.0006286233371347119,-0.005679649758124267,0.0041377734706196405,-0.0030718101670778714,-0.008722269767930793
