,,Different Marketer & Operator Carrier Code,Flight Number,Flight Year,Flight Month,Flight Day,Flight Weekday,Proportion of freight to the payload,Proportion of mail to the payload,Proportion of filled seats,Average payload (lbs),Average number of available seats,Distance interval (x500mi),Distance (miles),Scheduled Elapsed Time,Flights Count_origin,Average Flights Per Day_origin,Busyness Score_origin,Scheduled hour of departure,Precipitation (mm)_origin,Snowfall (mm)_origin,Maximum Temperature (*C)_origin,Avg Pressure for the day (hPa)_origin,Avg Wind Speed (m/s)_origin,Avg Humidity (%)_origin,Fog_origin,Thunder_origin,Smoke_or_Haze_origin,Flights Count_destination,Average Flights Per Day_destination,Busyness Score_destination,Scheduled hour of arrival,Precipitation (mm)_destination,Snowfall (mm)_destination,Maximum Temperature (*C)_destination,Avg Pressure for the day (hPa)_destination,Avg Wind Speed (m/s)_destination,Avg Humidity (%)_destination,Fog_destination,Thunder_destination,Smoke_or_Haze_destination,Departure Delay (minutes),Arrival Delay (minutes),Carrier Delay (minutes),Weather Delay (minutes),National Air System Delay (minutes),Security Delay (minutes),Late Aircraft Delay (minutes),cancelled,cancellation_code,diverted,Operator - Unique Carrier Code2_9E,Operator - Unique Carrier Code2_9K,Operator - Unique Carrier Code2_AA,Operator - Unique Carrier Code2_AS,Operator - Unique Carrier Code2_AX,Operator - Unique Carrier Code2_B6,Operator - Unique Carrier Code2_C5,Operator - Unique Carrier Code2_CP,Operator - Unique Carrier Code2_DL,Operator - Unique Carrier Code2_EM,Operator - Unique Carrier Code2_EV,Operator - Unique Carrier Code2_F9,Operator - Unique Carrier Code2_G4,Operator - Unique Carrier Code2_G7,Operator - Unique Carrier Code2_HA,Operator - Unique Carrier Code2_KS,Operator - Unique Carrier Code2_MQ,Operator - Unique Carrier Code2_NK,Operator - Unique Carrier Code2_OH,Operator - Unique Carrier Code2_OO,Operator - Unique Carrier Code2_PT,Operator - Unique Carrier Code2_QX,Operator - Unique Carrier Code2_UA,Operator - Unique Carrier Code2_VX,Operator - Unique Carrier Code2_WN,Operator - Unique Carrier Code2_YV,Operator - Unique Carrier Code2_YX,Operator - Unique Carrier Code2_ZW,Aircraft group2_4.0,Aircraft group2_6.0,Aircraft group2_UNK,Aircraft type2_432.0,Aircraft type2_441.0,Aircraft type2_482.0,Aircraft type2_530.0,Aircraft type2_608.0,Aircraft type2_612.0,Aircraft type2_614.0,Aircraft type2_622.0,Aircraft type2_623.0,Aircraft type2_624.0,Aircraft type2_626.0,Aircraft type2_627.0,Aircraft type2_629.0,Aircraft type2_631.0,Aircraft type2_634.0,Aircraft type2_638.0,Aircraft type2_655.0,Aircraft type2_656.0,Aircraft type2_673.0,Aircraft type2_675.0,Aircraft type2_676.0,Aircraft type2_677.0,Aircraft type2_678.0,Aircraft type2_687.0,Aircraft type2_694.0,Aircraft type2_696.0,Aircraft type2_698.0,Aircraft type2_699.0,Aircraft type2_721.0,Aircraft type2_722.0,Aircraft type2_723.0,Aircraft type2_887.0,Aircraft type2_888.0,Aircraft type2_UNK,Aircraft configuration2_1.0,Aircraft configuration2_2.0,Aircraft configuration2_UNK,Service class2_F,Service class2_G,Service class2_L,Service class2_UNK,Airport Type_origin2_large_airport,Airport Type_origin2_medium_airport,Airport Type_origin2_small_airport,Airport Type_destination2_large_airport,Airport Type_destination2_medium_airport,Airport Type_destination2_small_airport
0,Different Marketer & Operator Carrier Code,1,0.772379151,0.002348441,0.005006481,0.001627536,-0.005825487,-0.017845008,-0.28616486,-0.243256527,-0.825960666,-0.921264508,-0.376461969,-0.393274397,-0.351459229,-0.07528882,-0.077467047,0.023074202,0.003467106,-0.011094418,0.018695641,-0.096049097,-0.051546824,-0.022334741,0.072419724,0.029131532,,,-0.081376504,-0.083025756,0.022986522,0.022232808,-0.01027768,0.019006382,-0.095948486,-0.047870172,-0.018193233,0.071357589,0.024872553,,,-0.057561645,-0.004932361,-0.012167124,0.006924906,0.014779554,-0.001834969,0.019339976,,,,0.234975367,0.016114189,-0.28082933,-0.141595345,0.125708382,-0.148051804,0.100587088,0.143203773,-0.289566892,0.045228526,0.185445804,-0.095271137,-0.087098266,0.131874981,-0.081441469,0.017133085,0.259225595,-0.120444724,0.244538032,0.434230121,0.15183851,0.162485218,-0.226171258,-0.025393259,-0.352529255,0.215682939,0.267927407,0.146003783,0.136387547,-0.158582643,0.086876797,0.017133085,0.045103262,0.127389902,0.010624922,-0.130285538,-0.32757354,-0.248847834,-0.106989188,-0.039288895,-0.02484484,-0.028255369,-0.038167679,0.374796033,0.278687925,-0.016584772,0.323126881,-0.12985418,-0.051949161,0.419307588,0.313890993,0.143203773,0.146003783,-0.098595764,-0.007145782,-0.210222726,-0.028463672,-0.184628255,-0.208718537,-0.026825607,-0.078862641,-0.036745386,-0.002802703,-0.203285385,0.086876797,-0.078267259,-0.021718181,0.086876797,-0.07772449,-0.021718181,0.001064845,0.086876797,-0.232818923,0.226510123,0.05408707,-0.231474851,0.225316268,0.053094399
1,Flight Number,0.772379151,1,-0.009778147,0.019834064,0.007529954,0.054854943,-0.056827735,-0.284949508,-0.20281674,-0.665230132,-0.728881054,-0.349188044,-0.357524746,-0.326581976,-0.07113039,-0.07060823,-0.007258767,0.003160798,-0.016990073,0.010787496,-0.060098758,-0.072635826,-0.035784373,0.041246406,0.02079755,,,-0.081383536,-0.080558612,-0.004922657,0.024329838,-0.013054526,0.012138046,-0.05912729,-0.078641106,-0.030192482,0.039001273,0.017592599,,,-0.01989226,0.004212276,-0.001162776,0.004390965,-0.001923589,-0.000389946,0.024486061,,,,0.170160131,0.024544816,-0.235168239,-0.197598299,0.100562754,-0.175528304,0.092708116,0.187255776,-0.200967211,-0.03873906,0.115504138,-0.109405844,-0.09516401,0.151641812,-0.141167322,0.004147673,0.109290728,-0.174675311,0.266557996,0.32670977,0.136578603,-0.021803321,-0.230510362,-0.022650579,-0.090469101,0.294494204,0.196838926,0.083424498,-0.032237236,-0.018590298,0.05794865,0.004147673,-0.038632473,-0.021236988,0.008115518,-0.129761439,-0.092042614,-0.17867243,-0.086497297,-0.039859791,-0.028764163,-0.02171278,-0.043190794,0.317773798,0.241586582,-0.010470389,0.306918967,-0.08749659,-0.035611915,0.329352229,0.220338746,0.060966692,0.09132688,-0.092090563,-0.009378137,-0.229774747,-0.05295036,-0.178542628,-0.200638547,-0.048063561,-0.09139102,-0.025906951,-0.005175772,-0.218311175,0.05794865,-0.045642711,-0.039637775,0.05794865,-0.045088112,-0.039637775,-0.001160848,0.05794865,-0.164472477,0.158883221,0.046598017,-0.169986541,0.164464105,0.046312971
2,Flight Year,0.002348441,-0.009778147,1,0.005710791,-0.008841013,0.001498071,-0.005343863,0.000955856,-0.008692052,0.000717618,0.00028175,-0.000205894,0.000947709,0.006109199,0.013309145,-0.003382123,0.11645861,0.003285917,-0.018614156,0.000628489,-0.00204432,-0.01012672,-0.008678054,-0.038214886,-0.006462595,,,0.01144364,-0.004874994,0.109695193,0.00097621,-0.016097102,0.005481056,-0.00250283,-0.013924549,-0.019032166,-0.038533207,-0.008325183,,,0.001661542,-0.011721118,0.001194146,-0.00145998,-0.005143977,-0.000292024,0.001978037,,,,0.000254049,-0.012524122,-0.00286212,0.004193552,-0.004976943,-0.006627606,0.003850297,-0.002717372,0.003665587,0.00131424,-0.032604408,0.012696344,0.00406328,-0.011101078,-0.005452231,-0.001168763,0.00472577,0.011229931,0.003969706,0.009168766,0.017307631,0.000846074,-0.00288792,-0.033458717,-0.005810156,0.002697063,0.005142103,-0.005121765,-0.005358875,0.080274932,-0.107048856,-0.001168763,0.001512629,-0.006110799,0.004799407,0.001495875,-0.001012919,-0.002331887,0.000438605,-0.003479583,0.001469818,-0.003518666,-0.002740193,0.004241882,0.004514782,0.00653039,0.00573639,-0.003226075,0.001371286,0.011734513,0.014873656,-0.002349713,0.002695113,-0.003793919,0.003468113,0.004223637,-0.001880121,0.007835762,-0.005679036,-0.000224514,0.016145024,0.009893289,-0.003692904,-0.000375085,-0.107048856,0.103388258,0.00013503,-0.107048856,0.104335296,0.00013503,-0.013860624,-0.107048856,-0.005199242,0.004767509,0.003205642,-0.012271641,0.011911773,0.003135185
3,Flight Month,0.005006481,0.019834064,0.005710791,1,0.002631858,0.017406044,0.004290854,0.007191379,-0.004561269,-0.007292767,-0.006159008,-0.00071022,-0.001933796,-0.009173209,0.022338085,0.004570534,0.096395029,0.004052884,0.031067859,-0.07287385,0.147690772,-0.010073625,-0.120379617,0.047252071,0.022735742,,,0.016843433,-0.001135212,0.091353488,0.001911699,0.027476199,-0.073411315,0.14653677,-0.011040292,-0.124974587,0.047794232,0.020965684,,,-0.006070193,-0.001674234,-0.002474221,-0.006109217,-0.006930927,0.000144994,-0.004129197,,,,-2.79E-05,-0.013268741,-0.003282853,0.006465937,-0.005198388,-0.005858273,0.015188793,-0.00207635,-0.003080984,0.004699968,-0.014515244,0.004600163,-0.002641486,-0.004366634,0.001424831,-0.007992046,0.001750937,0.0010637,-0.001107279,0.007249334,0.005447578,-0.002627893,0.005189947,-0.044680229,-0.002415788,0.004881113,0.005700168,0.000216454,-0.001801024,0.041111583,-0.055757856,-0.007992046,0.004973399,-0.002616175,0.008856647,0.005151067,-0.003050844,0.008955429,-0.004392955,-0.000477672,-0.005636101,-0.001968439,-0.000557659,0.005979774,0.003208604,-0.000127189,-0.000786646,-0.007062516,0.001326528,0.006654056,0.009754399,-0.001068265,0.003625723,7.70E-05,0.000657113,-0.00325049,-0.000305878,0.003905526,-0.008641385,0.00483061,0.006541223,0.009598648,0.005783331,-0.000596768,-0.055757856,0.05382783,0.000159827,-0.055757856,0.05400827,0.000159827,-0.004876592,-0.055757856,-0.001586479,0.002609993,-0.00682282,-0.005637223,0.006162681,-0.002222149
4,Flight Day,0.001627536,0.007529954,-0.008841013,0.002631858,1,0.002664331,-0.003064287,-7.73E-05,0.001319281,-0.001604258,-0.001697221,0.005928241,0.005310049,0.005643998,-0.002182161,-0.006627901,0.027077261,-0.001004858,-0.000150241,-0.00546777,0.014232379,-0.003341087,0.013512812,0.006136236,-0.007130652,,,0.008766198,0.004502125,0.029029505,-0.001251305,-0.001000892,-0.003676112,0.014810104,-0.002104468,0.017136284,0.003132878,-0.010408886,,,0.00051467,-0.001989185,-0.00393788,0.002435321,-0.002790749,0.000631091,0.003410585,,,,0.00454346,0.000623522,0.001536,0.001967034,0.000856942,-0.000214849,-0.000543415,0.000910985,-0.003567475,-0.000665875,-0.000190516,0.002276107,-0.002049656,-0.000620128,0.001699945,-0.00374995,-0.00093141,0.000158541,-0.001687305,-0.000275315,0.003148831,-0.000859832,-6.20E-06,-0.002021778,-0.001575794,-0.004616991,0.004098756,0.002276332,-0.002531989,0.002471525,-0.000951494,-0.00374995,-0.000827103,-0.001902699,-0.003190951,-0.000345775,-0.003129494,0.002135749,-0.001460853,0.000507779,-0.002016481,-0.003749094,-0.000776762,0.003643447,-0.001443132,0.000624861,0.00022434,-0.005355951,0.004287203,0.001134554,0.000691533,-0.002635764,0.001687135,-0.000707975,-0.000368041,0.001492359,0.001255748,0.00055706,0.000799235,-0.001085531,0.00197363,0.003782877,0.004893473,-0.000795811,-0.000951494,0.001548574,-0.002411598,-0.000951494,0.001392056,-0.002411598,0.001069987,-0.000951494,-0.001191725,0.001015108,0.002231743,0.00348505,-0.003557183,-0.000427291
5,Flight Weekday,-0.005825487,0.054854943,0.001498071,0.017406044,0.002664331,1,-0.006220486,-0.000665276,0.013178729,0.008424796,0.007928318,0.011024242,0.011639173,0.009485086,-0.036696829,-0.004537123,-0.163764035,0.001547276,0.007172797,-0.009621246,0.012076718,0.001654628,0.002238647,-0.000143989,-0.001027803,,,-0.030583715,0.000849273,-0.151988513,-0.001306746,0.010853523,-0.003897967,0.0104634,-0.004047759,0.007866934,-0.002548963,-0.001266427,,,-0.001286258,-0.0079808,0.001913379,-0.000625739,-0.006448707,0.002674486,-0.005730522,,,,-0.008472614,0.000867218,0.007994137,0.00636087,0.001768234,-0.002428663,0.001361782,-0.00681399,-0.007170982,-0.001186431,0.003765287,0.004607917,0.009557031,-0.002119421,0.006312644,-0.001926843,-5.66E-05,0.006259777,-0.002434139,-0.00269481,-0.000398087,0.000259148,-0.000198368,0.001181952,-0.003476741,0.001186403,-0.002567794,0.004215515,-0.001293,0.002518642,-0.002244577,-0.001926843,-0.001291039,-0.000659902,0.004704142,-0.000916821,-0.002082188,0.003841248,0.003803505,0.002143772,-0.000787357,0.000888165,0.001590683,-0.000918897,0.00050641,-0.002201244,-0.008304832,-0.003236899,-0.006801831,-0.002874091,0.003082747,-0.00212776,0.001450387,-0.007179147,-0.001541308,0.005857317,-0.002251605,-0.000312313,0.003323765,0.001310871,0.004860949,0.001203123,0.001009183,0.003475926,-0.002244577,0.001972246,0.000752312,-0.002244577,0.002116382,0.000752312,-0.001207952,-0.002244577,-0.006548821,0.006302574,0.002123618,-0.002304335,0.001720806,0.004330027
6,Proportion of freight to the payload,-0.017845008,-0.056827735,-0.005343863,0.004290854,-0.003064287,-0.006220486,1,0.18429003,-0.048247901,0.086727965,0.063245422,0.068300354,0.069288172,0.059981945,-0.013713193,-0.013552074,0.000152741,-0.00786469,0.00585831,-0.000343135,-0.000881272,0.022196047,0.0041543,-0.002362793,-0.005680057,,,-0.026797615,-0.026960439,0.012358945,-0.010469846,0.001089207,0.001396309,-0.004390793,0.012667244,0.013561423,0.003136264,-0.009305357,,,0.00051569,-0.0011603,0.005512054,-0.000906816,-0.004653247,0.001504263,-0.005289454,,,,-0.010866846,,-0.029756784,0.049634239,,-0.010863077,,-0.007238716,0.001333315,0.47245486,-0.002040239,,,,0.029532117,0.090421235,-0.030337158,,-0.024131848,,-0.017054074,-0.011443312,-0.002261039,,0.013659349,-0.01710212,,-0.001260106,0.098677398,-0.086594256,-0.005310921,0.090421235,0.476480532,-0.009249846,,-0.013667986,0.008934027,0.003287881,0.017798773,0.002334775,0.138741849,0.00310888,0.057266627,-0.01018577,-0.014050007,-0.001948698,-0.026000694,-0.013825847,-0.005050908,-0.020024122,-0.024356895,-0.016690867,,-0.016423894,0.029764547,-0.008070635,0.077995391,-0.022777318,-0.008101287,0.012880101,,-0.005858706,0.005846002,0.012574959,-0.005310921,-0.017128911,0.042900578,-0.005310921,-0.016923345,0.042900578,0.00034122,-0.005310921,0.017869533,-0.017725999,-0.002789222,-0.022967903,0.02323298,-0.003166124
7,Proportion of mail to the payload,-0.28616486,-0.284949508,0.000955856,0.007191379,-7.73E-05,-0.000665276,0.18429003,1,0.098179457,0.264019656,0.31025704,0.307350916,0.310915889,0.299317684,0.031892493,0.03175559,0.004702444,-0.000450488,-0.025515715,0.018026559,-0.058466117,-0.025840929,0.038290557,-0.013714975,-0.009443308,,,0.042325284,0.041852112,0.036436073,-0.023403657,-0.014812809,0.006066487,-0.027020206,-0.018498785,0.031683729,-0.01595291,-0.009009498,,,-0.00384779,-0.026935952,-0.006745976,-0.006731203,0.003004006,0.003932697,-0.017494265,,,,-0.022058362,,-0.149756012,-0.0153485,,,,-0.024800817,0.050678728,,-0.006407536,,,,-0.023233882,0.160943817,-0.156076441,,-0.144612622,,-0.085952305,-0.050444153,0.394891284,,,-0.109839219,-0.083723418,-0.009053185,8.92E-05,0.015335618,-0.027023564,0.160943817,,-0.050635213,,-0.04210894,0.122925447,-0.016947975,0.058655002,0.106751805,0.026093137,0.01222667,0.0570736,-0.048014609,-0.092581556,0.06783847,-0.149883034,-0.018246604,0.016256495,-0.122457326,-0.120236577,-0.083482213,-0.044100258,-0.058179334,0.009262934,0.069110733,-0.016297404,0.065973954,-0.077293419,-0.017108098,,0.018580539,,0.214842996,-0.027023564,-0.09882388,0.173670344,-0.027023564,-0.097897658,0.173670344,0.001304033,-0.027023564,0.084431221,-0.083432727,-0.01357577,0.089032867,-0.087776283,-0.017773492
8,Proportion of filled seats,-0.243256527,-0.20281674,-0.008692052,-0.004561269,0.001319281,0.013178729,-0.048247901,0.098179457,1,0.285802475,0.298196,0.363577742,0.377691148,0.373238406,0.155834191,0.160867695,-0.065127804,0.013957524,-0.001550405,-0.001569272,0.051659938,-0.071311412,-0.005408555,-0.052228585,-0.005768776,,,0.177417318,0.182629965,-0.067487533,-0.020929249,0.001774833,-0.003489596,0.05085043,-0.063756161,-0.005546197,-0.049159292,0.000130205,,,0.043889774,0.016107125,0.01231861,0.007582552,0.014689977,0.001382481,-0.01173813,,,,-0.085158521,-0.023456641,0.129081982,-0.028938521,-0.011522292,0.040143802,0.005000016,-0.034096607,0.080209152,-0.138571276,-0.051078121,0.064687899,0.042936457,-0.031513569,-0.03410821,-0.047401897,-0.096451777,0.029054736,-0.00875644,-0.080060823,-0.060877001,-0.010708808,0.126082324,-0.014327727,-0.000460809,-0.01851272,-0.115515806,-0.036099984,-0.063235951,0.089416849,-0.062520935,-0.047401897,-0.138668987,-0.01166619,0.000884325,-0.083299541,-0.055289435,0.103988907,0.096430874,0.044694372,0.024408254,0.025036199,0.009844769,-0.161925382,-0.02635498,0.0211217,-0.028924679,0.049990744,0.022263346,-0.054845078,-0.077131891,-0.11967203,-0.038236636,-0.040269221,0.013736144,0.052189634,0.009099562,0.00392976,0.160414392,0.004909821,0.050935547,-0.031456437,0.001712548,0.163562864,-0.062520935,0.082244352,-0.08369759,-0.062520935,0.082686808,-0.08369759,-0.008699092,-0.062520935,0.153949912,-0.146140439,-0.063393078,0.176378227,-0.168244924,-0.066489837
9,Average payload (lbs),-0.825960666,-0.665230132,0.000717618,-0.007292767,-0.001604258,0.008424796,0.086727965,0.264019656,0.285802475,1,0.921249818,0.498297342,0.515683442,0.479134352,0.088940568,0.091770982,-0.011371373,-0.001752881,0.010069633,-0.016106529,0.089308858,0.050635848,0.020076159,-0.068921065,-0.026184069,,,0.096864795,0.099087995,-0.014789081,-0.018355881,0.008749593,-0.019423946,0.089003381,0.050715395,0.015918455,-0.066627637,-0.022255523,,,0.044178929,-0.00103848,0.015188112,-0.004256363,-0.008956252,0.002536121,-0.024618077,,,,-0.15657278,-0.018169388,0.278889785,0.125258092,-0.137787486,0.042108772,-0.104966556,-0.086446812,0.289957314,-0.050931674,-0.207079041,0.185987308,0.25839079,-0.091019408,0.109476248,-0.022505996,-0.252579771,0.077814868,-0.188882491,-0.393440823,-0.170617031,-0.115350418,0.192624009,0.017287771,0.146026505,-0.139309609,-0.148029175,-0.13076033,-0.10554308,0.133504534,-0.082325705,-0.022505996,-0.050791731,-0.091652302,-0.008204736,0.046209524,0.125022852,0.197995405,0.178666755,0.059209684,0.104037158,0.048576612,0.147404311,-0.354532285,-0.228124216,0.015798112,-0.201208657,0.074797352,0.041278879,-0.294918825,-0.343882504,-0.150129216,-0.083806464,-0.031121331,0.046509356,0.20484939,0.195512025,0.145541176,0.2729906,0.113819431,0.142408643,0.026669057,0.01437036,0.21688885,-0.082325705,0.0762743,0.012505631,-0.082325705,0.075857434,0.012505631,-0.00187659,-0.082325705,0.226711239,-0.221248023,-0.046774303,0.227995657,-0.223030365,-0.043267548
10,Average number of available seats,-0.921264508,-0.728881054,0.00028175,-0.006159008,-0.001697221,0.007928318,0.063245422,0.31025704,0.298196,0.921249818,1,0.505697533,0.525316813,0.483802164,0.09780499,0.10081756,-0.022760325,-0.001503955,0.007049034,-0.02107393,0.100256045,0.05339355,0.019025496,-0.08184862,-0.033673001,,,0.105964239,0.108513217,-0.023067632,-0.022282347,0.005825051,-0.022141199,0.099670947,0.054924108,0.015095837,-0.07937967,-0.029101603,,,0.052752429,0.001140313,0.012633477,-0.006845271,-0.008396249,0.003055469,-0.026253473,,,,-0.19402882,-0.019094039,0.255950032,0.152526207,-0.14080081,0.055915785,-0.120804537,-0.099204891,0.293218826,-0.052125421,-0.203549135,0.131144777,0.120071029,-0.103233318,0.083337245,-0.024405883,-0.276975302,0.167853074,-0.224933862,-0.421541183,-0.185530252,-0.11348898,0.253136807,0.017692396,0.250656137,-0.150478031,-0.194782396,-0.163532952,-0.103678636,0.135602238,-0.087108354,-0.024405883,-0.051981056,-0.088976402,-0.009224334,0.049402843,0.221147876,0.228714005,0.169577079,0.06568162,0.069738602,0.044315924,0.124198786,-0.403276915,-0.2516236,0.021609211,-0.247365304,0.104652716,0.051108143,-0.324894895,-0.361044401,-0.162233368,-0.110820787,-0.038754361,0.039421942,0.208823955,0.130450249,0.127763132,0.276146132,0.083816374,0.104767809,0.025444173,0.008587139,0.256767777,-0.087108354,0.080264809,0.014920543,-0.087108354,0.080191304,0.014920543,-0.004707813,-0.087108354,0.259171112,-0.252851391,-0.054508809,0.25902979,-0.252951797,-0.052986027
11,Distance interval (x500mi),-0.376461969,-0.349188044,-0.000205894,-0.00071022,0.005928241,0.011024242,0.068300354,0.307350916,0.363577742,0.498297342,0.505697533,1,0.97246533,0.954731655,0.076007305,0.078953547,-0.011275412,0.008654606,-0.00202099,-0.009157276,0.038324435,0.048439708,0.049579587,-0.046196184,-0.019142688,,,0.082718398,0.085641987,-0.013233952,-0.038374951,-0.003647007,-0.004489122,0.035324283,0.048889473,0.04667502,-0.044674141,-0.015723318,,,0.034598702,-0.02713501,0.016907457,-0.005672142,0.027901429,0.002942575,-0.025534481,,,,-0.085877189,,0.14684209,0.16265843,-0.041223679,0.111191079,-0.048561118,-0.045366909,0.080343852,-0.030272964,-0.069752766,0.055682475,0.019859761,-0.045157266,0.000830634,-0.000540063,-0.111299189,0.062394055,-0.116418822,-0.157503314,-0.089799455,-0.074866127,0.205811105,,-0.045497643,-0.063203937,-0.061906344,-0.071488425,-0.090155598,0.090155598,,-0.000540063,-0.030272964,-0.085507132,-0.003053477,-0.083319765,-0.120989912,0.211202105,0.174971693,0.096809655,0.087051847,0.053584326,0.141151224,-0.197346656,-0.118094771,0.034570323,-0.106938599,-0.086100537,-0.004094025,-0.084254685,-0.148659678,-0.076066163,-0.024835149,-0.072458067,0.061611522,0.096695448,0.128691283,0.024255408,0.237244115,0.098715634,0.05031079,0.006981948,0.021125769,0.216869012,,0.009600135,-0.009600135,,0.007759442,-0.009600135,0.001680594,,0.182174359,-0.179505044,-0.029155485,0.179793525,-0.1768665,-0.030778099
12,Distance (miles),-0.393274397,-0.357524746,0.000947709,-0.001933796,0.005310049,0.011639173,0.069288172,0.310915889,0.377691148,0.515683442,0.525316813,0.97246533,1,0.981433038,0.075490478,0.07834197,-0.014687171,0.009470593,-0.006499131,-0.010996628,0.037865549,0.051111474,0.04723885,-0.045850594,-0.019084221,,,0.081768272,0.084777955,-0.016705838,-0.039838663,-0.007386321,-0.005522635,0.035781994,0.052430193,0.043099002,-0.044361814,-0.016718782,,,0.036614794,-0.02697149,0.017900851,-0.00593106,0.02787393,0.004174807,-0.026665114,,,,-0.092811178,-0.013817832,0.144463623,0.170877501,-0.050724974,0.110800086,-0.052668892,-0.040995754,0.075197895,-0.041322018,-0.074351496,0.055595336,0.019745225,-0.045913747,-0.015497548,0.000383549,-0.113395864,0.066279455,-0.12004642,-0.162333865,-0.09947986,-0.079035154,0.215597134,0.044890181,-0.026180287,-0.059506257,-0.061414866,-0.078914215,-0.096583488,0.081581185,-0.018525288,0.000383549,-0.041211927,-0.088600749,-0.004188812,-0.100648113,-0.100709733,0.213403977,0.1830104,0.097376382,0.098104591,0.043288185,0.14256106,-0.206713663,-0.117748332,0.033584704,-0.114796469,-0.09138457,-0.002113148,-0.078623122,-0.157375099,-0.078893309,-0.024788014,-0.067250226,0.058587027,0.089274094,0.129693591,0.023731887,0.240340043,0.100132844,0.048406865,0.010395542,0.021382121,0.227153777,-0.018525288,0.022314189,-0.016923966,-0.018525288,0.021887891,-0.016923966,0.001728796,-0.018525288,0.195629771,-0.192422291,-0.032199036,0.194332366,-0.190908448,-0.033768302
13,Scheduled Elapsed Time,-0.351459229,-0.326581976,0.006109199,-0.009173209,0.005643998,0.009485086,0.059981945,0.299317684,0.373238406,0.479134352,0.483802164,0.954731655,0.981433038,1,0.073661148,0.076487112,-0.01764493,-0.001427764,-0.001081308,-0.001681028,-0.001822064,0.085342609,0.064129372,-0.023506643,-0.002566108,,,0.121189122,0.125155636,-0.019353611,-0.028522521,-0.012798262,-0.003744734,0.018367406,0.047965133,0.042167427,-0.044983287,-0.013926924,,,0.036114741,-0.039567047,0.015291252,-0.004574045,0.035289928,0.003094373,-0.027033641,,,,-0.074064226,-0.015698143,0.155208598,0.165086064,-0.046522378,0.113868788,-0.042424792,-0.033592365,0.075731853,-0.050358465,-0.065392824,0.056826866,0.002165476,-0.040764591,-0.039668076,0.000539354,-0.106694277,0.062732343,-0.110701551,-0.14544066,-0.088359706,-0.083912885,0.206600992,0.045412593,-0.068549753,-0.062508849,-0.039396765,-0.07072486,-0.106276811,0.086173024,-0.015351649,0.000539354,-0.050227985,-0.095766608,-0.003296343,-0.108748602,-0.139273333,0.205221998,0.17859367,0.09248347,0.100582109,0.044332101,0.127290225,-0.192394781,-0.108015585,0.032800064,-0.100782956,-0.095221582,-0.003222183,-0.058032786,-0.140996809,-0.073581313,-0.011963297,-0.058111277,0.055372803,0.084392284,0.120301944,0.021187032,0.246242741,0.094142291,0.049110957,0.014690926,0.018227194,0.223977345,-0.015351649,0.020989649,-0.023598149,-0.015351649,0.020569321,-0.023598149,0.001770886,-0.015351649,0.19869452,-0.195755574,-0.030704322,0.21451485,-0.211229843,-0.033863302
14,Flights Count_origin,-0.07528882,-0.07113039,0.013309145,0.022338085,-0.002182161,-0.036696829,-0.013713193,0.031892493,0.155834191,0.088940568,0.09780499,0.076007305,0.075490478,0.073661148,1,0.988400071,0.027301954,0.012769753,-2.31E-06,-0.0179659,0.013970931,-0.127521146,0.06114861,-0.077598972,-0.024241808,,,-0.319329502,-0.330136138,0.065029133,-0.003129052,0.003021928,0.00155291,0.023194257,0.027687683,-0.031185165,0.052971175,0.033622753,,,0.068877734,0.053868103,0.04659914,0.019724659,0.011941606,-0.000654996,0.010364492,,,,-0.013897863,-0.014925013,0.121619506,-0.01967184,0.007271996,-0.050225403,-0.039113611,0.008261994,0.156263425,-0.033815605,-0.030967747,0.003415431,-0.100722561,0.00071523,-0.087906652,-0.014663383,0.030375583,0.020169965,-0.029814153,-0.028441845,-0.045110033,-0.063058172,0.091131598,0.001483889,-0.130165254,-0.029394459,-0.018618609,0.024849999,-0.058511527,0.056149962,-0.02063831,-0.014663383,-0.033718244,-0.048528828,0.009611236,-0.011805638,-0.125267228,0.028423828,0.076278758,0.031184674,0.006234678,0.013607622,0.002743185,-0.027302142,-0.003469423,0.000379291,-0.018353635,0.109197926,0.051333923,-0.025265617,-0.036502924,-0.007707714,0.000861037,-0.013445154,0.006798616,-0.03645589,-0.009438237,0.011331925,0.111292738,-0.020423456,0.003045932,0.011696964,-0.002629507,0.087985703,-0.02063831,0.028355937,-0.032253749,-0.02063831,0.028782678,-0.032253749,-0.005051383,-0.02063831,0.533075665,-0.527817237,-0.058592585,-0.264327207,0.259321703,0.047224529
15,Average Flights Per Day_origin,-0.077467047,-0.07060823,-0.003382123,0.004570534,-0.006627901,-0.004537123,-0.013552074,0.03175559,0.160867695,0.091770982,0.10081756,0.078953547,0.07834197,0.076487112,0.988400071,1,-0.059303154,0.013043564,-0.001691687,-0.011358745,-0.017644254,-0.128977268,0.065558355,-0.080220385,-0.019460594,,,-0.329753098,-0.332857724,0.011169892,-0.002777989,0.000535903,0.007298979,-0.005216051,0.02951012,-0.02812083,0.054580828,0.038274146,,,0.062670119,0.045391076,0.04460983,0.019896013,0.00941577,-0.000526651,0.004644456,,,,-0.01642407,-0.01519441,0.125416045,-0.019045272,0.008593714,-0.050227591,-0.039543831,0.008068593,0.155595811,-0.034140353,-0.030583413,0.00372142,-0.102997468,0.000937571,-0.08830363,-0.014787196,0.029619156,0.021389529,-0.029455699,-0.029494256,-0.046026664,-0.063660033,0.092608123,0.003707126,-0.131390239,-0.029221048,-0.020050646,0.025635795,-0.059267844,0.056236147,-0.020009856,-0.014787196,-0.034041018,-0.049205398,0.009525623,-0.013736418,-0.126476253,0.029683459,0.078153402,0.03236772,0.006579242,0.013558144,0.004101984,-0.028682483,-0.002846263,0.00040932,-0.019757146,0.109032913,0.050623186,-0.026040756,-0.036677898,-0.008797597,0.000756696,-0.014661282,0.007430161,-0.036309106,-0.00901031,0.010431156,0.114798106,-0.020195903,0.003617817,0.011061286,-0.002783617,0.089684572,-0.020009856,0.027855843,-0.032664082,-0.020009856,0.028264606,-0.032664082,-0.004884067,-0.020009856,0.538976235,-0.533651647,-0.059295127,-0.265634569,0.260619495,0.047080689
16,Busyness Score_origin,0.023074202,-0.007258767,0.11645861,0.096395029,0.027077261,-0.163764035,0.000152741,0.004702444,-0.065127804,-0.011371373,-0.022760325,-0.011275412,-0.014687171,-0.01764493,0.027301954,-0.059303154,1,-0.005944508,-0.001550375,-0.049020699,0.169988507,-0.010601092,-0.018804935,0.012136352,-0.033931136,,,0.062336076,0.00391262,0.343473902,-0.008226748,0.009078524,-0.025799109,0.146456834,-0.012926184,-0.010376955,-0.008500209,-0.022532217,,,0.031230403,0.045441256,0.005377509,0.000490277,0.009916961,-0.000664689,0.034240153,,,,0.01286227,0.10725196,-0.022957478,-0.001877456,0.005303068,-0.001428194,0.014238746,-0.0022038,-0.002579597,0.001908933,-0.01248606,0.003444171,0.075444677,0.000190576,-0.009876267,0.003592423,0.004505729,-0.003818801,-0.00947523,0.021456385,-0.000325595,0.025737375,-0.006394683,-0.01159879,-0.019577169,-0.007201649,0.005997233,-0.008224335,0.000611038,-0.00226122,0.002559714,0.003592423,0.001896017,-0.000511318,0.001223229,-0.00087893,-0.013328475,-0.01834725,-7.58E-05,-0.006370307,-0.003258377,-0.002303826,-0.005574519,0.019923436,-0.001016638,-0.001508499,0.001515437,-0.001669324,-0.000899815,0.010486311,0.003643684,0.010834086,0.000853962,0.010086106,-0.000963987,0.01148056,0.000104066,0.017057801,-0.01953411,-0.004157577,0.001635836,0.001496465,0.001732527,-0.010775552,0.002559714,-0.007158874,0.017956972,0.002559714,-0.007011878,0.017956972,-0.000631206,0.002559714,-0.074031577,0.066849709,0.054218689,-0.000360512,0.000154775,0.002496665
17,Scheduled hour of departure,0.003467106,0.003160798,0.003285917,0.004052884,-0.001004858,0.001547276,-0.00786469,-0.000450488,0.013957524,-0.001752881,-0.001503955,0.008654606,0.009470593,-0.001427764,0.012769753,0.013043564,-0.005944508,1,-0.002138558,-0.006945488,0.013962409,-0.009342565,-0.003187364,-0.004938447,-0.003296508,,,-0.012289174,-0.010489649,-0.001329872,0.280283519,0.006471408,0.001976452,0.005140429,0.008045776,0.003387359,0.010915637,0.000984191,,,-0.05081451,-0.04321777,-0.017187102,-0.015899293,-0.018701093,-0.002242721,-0.045081919,,,,0.005282716,0.000230685,0.003081998,-0.008362306,0.006767523,-0.00453725,0.003048051,-0.006599068,0.00407815,-0.00181752,0.004983155,-0.010225869,0.001095679,0.001296548,0.006394748,-0.00436972,-0.004486629,-0.006429902,0.008325064,-0.000943394,0.005547123,-0.004839323,0.001372116,-0.001253277,-0.001506173,-0.002800921,-0.002027521,0.002887072,-0.008434719,0.007386764,-0.001984829,-0.00436972,-0.001568607,-0.007864723,-0.003447699,-0.004793521,-0.00318448,0.009148132,0.002260736,-0.001824879,0.001450962,0.002272529,-0.000264132,0.008233165,0.00159615,0.000228249,0.003368521,-0.00394174,0.001488884,-0.004810077,0.004209769,0.00322849,-0.004394479,-0.001105677,-0.001207879,-0.010840479,0.004409824,0.002699562,-0.000726487,0.015489717,-0.002899799,0.005148509,-0.003122206,-0.00124411,-0.001984829,0.001506728,0.00157457,-0.001984829,0.001455953,0.00157457,0.000281313,-0.001984829,-0.002434826,0.002509023,-0.002629014,-0.017901141,0.01895371,-0.009127432
18,Precipitation (mm)_origin,-0.011094418,-0.016990073,-0.018614156,0.031067859,-0.000150241,0.007172797,0.00585831,-0.025515715,-0.001550405,0.010069633,0.007049034,-0.00202099,-0.006499131,-0.001081308,-2.31E-06,-0.001691687,-0.001550375,-0.002138558,1,0.0825088,0.041842867,0.088144474,0.099005126,0.263445017,0.278583147,,,0.00157627,-0.001173245,0.00570626,0.011859676,0.13501997,-0.002179769,0.05607318,0.03183916,0.03153523,0.0912206,0.070153462,,,0.07500471,0.086990309,0.039660123,0.053693527,0.042303693,-0.001464797,0.046245785,,,,0.011961904,-0.000161315,0.007249122,-0.019846214,-0.010481156,0.013226481,0.004597023,-0.026805763,0.016405919,0.014106389,0.007284112,-0.008698246,0.008914003,-0.007277867,0.062409374,-0.004802585,0.007257207,0.00324724,0.018609855,-0.035420656,0.010895971,-0.022500569,-0.009134414,-0.001889233,-0.015550612,-0.011032965,0.01969334,0.006159317,-0.012225078,0.007553539,0.001519125,-0.004802585,0.014206722,-0.016772478,0.002476881,0.042044122,-0.013781969,-0.003638792,0.00847625,-0.002284336,-0.003174576,0.009508111,0.00752804,-0.011590382,-0.000266882,-0.001530537,0.004725847,0.023351706,0.002225589,-0.016644415,0.006405249,0.002478951,0.006784011,0.015306595,0.012311827,0.007486232,0.014071778,-0.000732343,0.001646603,0.002666242,-0.008441872,-0.006645586,0.006303926,-0.01935753,0.001519125,-0.001363181,-0.000402877,0.001519125,-0.00123627,-0.000402877,-0.000850765,0.001519125,0.002699552,-0.001097832,-0.013090936,-0.003888845,0.004860583,-0.006364865
19,Snowfall (mm)_origin,0.018695641,0.010787496,0.000628489,-0.07287385,-0.00546777,-0.009621246,-0.000343135,0.018026559,-0.001569272,-0.016106529,-0.02107393,-0.009157276,-0.010996628,-0.001681028,-0.0179659,-0.011358745,-0.049020699,-0.006945488,0.0825088,1,-0.24509703,-0.07728764,0.092071647,0.067559425,0.13214218,,,-0.00120024,0.005292328,-0.027108258,-0.005761764,-0.006112729,0.085406954,-0.139167941,-0.011138151,0.047145121,-0.001336773,0.023825131,,,0.040082529,0.068674158,0.014518973,0.037874216,0.064949876,-0.001761598,0.031679716,,,,0.007938442,-0.001706772,-0.013590321,-0.000838288,0.01186308,-0.004782159,0.007687587,-0.006156559,0.005603443,-0.00282517,-0.003113583,0.004230335,-0.000165935,0.005440901,-0.00962778,0.000704213,0.001291403,-0.007637943,-0.009839664,0.029483762,-0.001094417,0.004522122,-0.000434559,-0.001952035,-0.010326233,-0.011308542,0.000576136,0.004909304,0.00197039,-0.005122879,0.005197951,0.000704213,-0.00282517,0.002538059,0.01094437,0.002853653,-0.009283762,-0.004133536,-0.004750403,0.00287911,-0.001507072,0.006983139,-0.005182474,0.022397101,0.001866889,-0.002252705,-0.001172653,-0.012214524,-0.001424653,0.002934673,0.009062657,-0.009267207,0.001910891,0.003766513,-0.001067606,-0.007334232,-0.0043315,0.004210694,-0.009885614,-0.002099774,-0.000638893,-0.001405122,-0.000355858,0.004313376,0.005197951,-0.009537874,0.018355279,0.005197951,-0.009168862,0.018355279,-0.002013264,0.005197951,-0.013542461,0.012810357,0.006986086,0.002753621,-0.003274192,0.001899134
20,Maximum Temperature (*C)_origin,-0.096049097,-0.060098758,-0.00204432,0.147690772,0.014232379,0.012076718,-0.000881272,-0.058466117,0.051659938,0.089308858,0.100256045,0.038324435,0.037865549,-0.001822064,0.013970931,-0.017644254,0.169988507,0.013962409,0.041842867,-0.24509703,1,-0.003994177,-0.170950633,-0.11537552,-0.122610833,,,0.021240318,-0.007992115,0.139999028,-0.003930955,0.055676554,-0.138857115,0.639614056,-0.016727998,-0.088651851,0.00936546,-0.064983085,,,0.00857269,0.017073059,0.003727562,0.004256514,-0.020837454,0.00193424,0.001065016,,,,-0.034329949,0.011266601,0.05218732,-0.034559682,-0.025822032,0.007169054,-0.012290912,0.005238572,0.003417548,0.024130673,-0.016184971,0.015933156,0.022101394,-0.034986773,0.073084755,-0.019283657,-0.019933673,0.025027409,0.002006482,-0.058487682,-0.014073408,-0.035805366,-0.008522637,-0.013900122,0.052407763,0.028331749,-0.025930258,-0.039937181,-0.026427075,0.02531595,-0.009297925,-0.019283657,0.024055509,-0.03300278,-0.010352958,0.029133585,0.041801478,0.022464777,0.019014216,-0.004695974,-0.006330688,0.002801136,0.022742233,-0.066129581,-0.029118295,-0.002648557,-0.003755215,0.022632441,0.009277773,-0.025003842,-0.04636395,0.015249483,-0.023389264,-0.019580455,0.0040028,0.022075219,0.016048424,0.012874515,0.034904945,0.010378326,0.017306602,-0.004658373,0.002693332,-0.020940151,-0.009297925,0.018191317,-0.035233543,-0.009297925,0.017446942,-0.035233543,0.004390257,-0.009297925,0.01386434,-0.009421653,-0.03703598,-0.013130636,0.013490063,-0.000843262
21,Avg Pressure for the day (hPa)_origin,-0.051546824,-0.072635826,-0.01012672,-0.010073625,-0.003341087,0.001654628,0.022196047,-0.025840929,-0.071311412,0.050635848,0.05339355,0.048439708,0.051111474,0.085342609,-0.127521146,-0.128977268,-0.010601092,-0.009342565,0.088144474,-0.07728764,-0.003994177,1,-0.051258019,0.287352798,0.06320447,,,0.026924693,0.028226298,-0.014255672,0.01110375,0.039231302,-0.011877257,-0.017015,0.228907518,0.005950811,0.085659859,0.02135292,,,-0.005500602,-0.017189684,-0.004650356,0.002426005,-0.001033431,0.000841692,-0.001980326,,,,0.050173707,0.003352357,0.075035668,0.063334014,-0.139400405,0.104762253,0.04046299,-0.010885225,-0.004274985,0.01755927,0.031061884,-0.0938862,-0.01471621,-0.032422909,0.063281898,0.00428064,0.0329349,0.028250866,0.051800412,-0.183720667,0.049926838,-0.016446301,-0.03419618,0.015448016,-0.052276027,-0.027395771,0.064338463,0.018650376,-0.005760296,-0.010592285,0.021155103,0.00428064,0.017472764,-0.012068043,0.001682235,0.042552582,-0.043222035,-0.002016067,0.03187162,0.021524365,0.019744302,-0.016580827,0.014580649,-0.088178281,-0.02947784,0.00800058,0.020608117,0.017093073,0.002465511,-0.01780393,0.002066562,0.025824114,0.013305296,0.07694369,0.001940171,0.047076703,0.015969914,0.013169319,0.056071032,0.019277162,-0.083893511,-0.010741737,0.002388251,-0.035272985,0.021155103,-0.02471621,0.015609579,0.021155103,-0.02502792,0.015609579,0.003947195,0.021155103,0.093148167,-0.085542787,-0.106870484,0.071373082,-0.063820657,-0.050403976
22,Avg Wind Speed (m/s)_origin,-0.022334741,-0.035784373,-0.008678054,-0.120379617,0.013512812,0.002238647,0.0041543,0.038290557,-0.005408555,0.020076159,0.019025496,0.049579587,0.04723885,0.064129372,0.06114861,0.065558355,-0.018804935,-0.003187364,0.099005126,0.092071647,-0.170950633,-0.051258019,1,-0.079634876,-0.02033906,,,-0.023961911,-0.021044239,-0.008007278,0.004535446,0.026606763,0.04588005,-0.09132065,0.005241621,0.197578903,-0.012782089,0.006533133,,,0.037999624,0.03811883,0.021351113,-0.000402275,0.027700878,-0.00255897,0.028056006,,,,0.011944889,0.016366964,-0.011366068,-0.019765273,0.022986122,0.048621858,-0.005280548,-0.023165102,0.004873126,0.016182832,0.008668777,0.005014562,-0.010000437,0.006785286,0.049706054,-0.008415672,0.018544315,0.007232737,-0.05225783,-0.009077954,-0.02110867,-0.043407804,0.042397662,0.001094834,-0.027839999,-0.017416837,0.0260782,-0.000721504,-0.029170299,0.022487789,-0.002194813,-0.008415672,0.016337398,-0.034636434,4.33E-05,0.02861104,-0.026557239,-0.004431444,0.017142838,0.011348234,0.010913745,-2.55E-07,0.015378291,-0.00125947,-0.019279673,-0.003988341,-0.019882375,-0.011473473,-0.004720578,-0.012244958,0.006016077,0.01312209,0.02438252,0.037978265,0.000997709,0.008553362,0.009778969,-0.011267284,0.022450094,0.002181383,-0.001065248,0.006848552,0.000446018,0.015081389,-0.002194813,0.002599342,-0.001804058,-0.002194813,0.002855008,-0.001804058,-0.002135392,-0.002194813,0.044910803,-0.044062853,-0.012670488,-0.009662978,0.00888899,0.005477031
23,Avg Humidity (%)_origin,0.072419724,0.041246406,-0.038214886,0.047252071,0.006136236,-0.000143989,-0.002362793,-0.013714975,-0.052228585,-0.068921065,-0.08184862,-0.046196184,-0.045850594,-0.023506643,-0.077598972,-0.080220385,0.012136352,-0.004938447,0.263445017,0.067559425,-0.11537552,0.287352798,-0.079634876,1,0.485459204,,,0.053014365,0.054417921,-0.015363155,0.022409171,0.095725058,0.005065783,0.001544152,0.078313495,-0.013172733,0.168511324,0.100207565,,,0.017555989,0.038568314,0.008779953,0.026831218,0.041748043,0.002312435,0.019576661,,,,0.043739056,0.006654395,-0.021421606,0.010464172,0.000211251,0.024454362,0.01516789,-0.028533994,0.010583439,-0.004597947,0.033364062,-0.020533591,-0.018025087,0.011252294,0.004319718,0.00591929,0.057274362,-0.016982207,0.059866747,-0.017915871,0.024798595,7.48E-05,-0.004812582,-0.007368579,-0.082851513,-0.033484772,0.02435751,0.036950303,-7.95E-05,-0.005990072,0.008666911,0.00591929,-0.00487622,0.000762589,0.00373088,0.023175393,-0.06483212,-0.02685646,0.008514655,0.005607487,0.00694572,-0.004875959,0.000399581,0.03476605,0.017424168,0.003195209,0.026756669,0.031373769,0.002714609,-0.000963665,0.050121914,0.029968117,0.007700455,0.014065458,0.000933218,0.00312481,-0.006003502,-0.002434495,-0.036933414,0.002676605,-0.025675087,-0.007766024,0.000550374,-0.018712739,0.008666911,-0.013712357,0.019136042,0.008666911,-0.013905033,0.019136042,0.002337014,0.008666911,-0.079906867,0.080860706,-0.011279623,0.029808158,-0.028233298,-0.012723858
